Hydra not found, using relative paths
Hydra not found, using relative paths
Namespace(prefix='gauss', arch='lamamba', lr=0.001, wd=0, loss='char', task_id=0, beta=0.95, epochs=-1, init='kn', no_cuda=False, no_log=True, threads=0, seed=2018, resume=True, no_ropt=True, chop=False, slice=False, resumePath='./checkpoints/lamamba/complex/model_epoch_82_495257.pth', ImportancePath=None, dataroot='./data/ICVL/trainset/ICVL64_31.npz', valroot='./data/ICVL/valset_gauss', clip=1000000.0, gpu_ids=[0])
Cuda Acess: 1
=> creating model 'lamamba'
feature_map_sizes: [[31, 64, 64], [31, 32, 32], [31, 32, 32], [31, 16, 16], [31, 16, 16], [31, 8, 8]]
do_channel_token: [False, False, False, False, False, False]
MambaLayer: dim: 32
MambaLayer: dim: 64
MambaLayer: dim: 64
MambaLayer: dim: 128
MambaLayer: dim: 128
MambaLayer: dim: 128
MambaLayer: dim: 128
MambaLayer: dim: 256
MambaLayer: dim: 256
use init scheme: kn
criterion:  CharbonnierLoss()
==> Loading checkpoint...
==> Resuming from checkpoint ./checkpoints/lamamba/complex/model_epoch_82_495257.pth..
model params: 13.27
testing ICVL_512_blind..................
0 38.8198321851115 0.9651352412549191 0.02508213371038437 0.0077180638909339905 5.086626768112183
1 37.45147349474558 0.9674090533184279 0.022011399269104004 0.007482366170734167 4.465905427932739
2 38.28906468380585 0.9747315799803877 0.034359946846961975 0.0073557160794734955 4.471250057220459
3 36.567441657330484 0.9263902430781397 0.04641340672969818 0.011730347760021687 4.475212574005127
4 36.490242872120035 0.9519720557664516 0.03916728496551514 0.01140997651964426 4.4842369556427
5 37.399342124402146 0.945857075392332 0.09589745104312897 0.009880281053483486 4.484124422073364
6 41.16227275765037 0.9749937180105794 0.019720301032066345 0.006295986473560333 4.461488723754883
7 38.250888002913435 0.9396394430093232 0.02833486720919609 0.009636970236897469 4.477273464202881
8 35.917583268927025 0.9160263959862207 0.12321274727582932 0.011201511137187481 4.4862542152404785
9 36.311899851210434 0.9377555265541935 0.04097776114940643 0.010819792747497559 4.478980302810669
10 36.70031291958158 0.90966508856959 0.03482825309038162 0.011670390143990517 4.478484630584717
11 38.72308432551785 0.9300398026894824 0.09713311493396759 0.008501141332089901 4.462720155715942
12 38.6445489837686 0.9643321996154468 0.025950081646442413 0.00869020540267229 4.4780731201171875
13 39.184491795153356 0.9567996514377847 0.05408907309174538 0.00779435271397233 4.486127138137817
14 36.66100898899474 0.9045096294510471 0.05535601079463959 0.011593537405133247 4.486797571182251
15 38.761868381919214 0.9455073245849974 0.0654262900352478 0.008702368475496769 4.4675092697143555
16 37.45940614379716 0.9012845919342072 0.11208324879407883 0.010314499028027058 4.493238925933838
17 38.064241448227534 0.9538294147087159 0.03839810565114021 0.009418649598956108 4.478056907653809
18 37.65171352374465 0.9524992130056738 0.06018468365073204 0.00885198637843132 4.441610813140869
19 36.62353158141829 0.9115771165978493 0.034586384892463684 0.011580985970795155 4.49251651763916
20 37.15449687997165 0.9194180041934925 0.153943732380867 0.00969637744128704 4.486684560775757
21 35.77501209613044 0.907483436441551 0.07575508207082748 0.013069923035800457 4.490187644958496
22 40.132591375246214 0.9688035568277777 0.024278219789266586 0.0072531611658632755 4.486427307128906
23 39.396139836585135 0.9625021627525879 0.024920213967561722 0.007867191918194294 4.481881618499756
24 36.213258278272754 0.9306660467889394 0.11317701637744904 0.00840095616877079 4.4845051765441895
25 40.88841090862287 0.9728349211066002 0.021446237340569496 0.006499177776277065 4.487083673477173
26 39.01116031834393 0.9543752600041401 0.025502469390630722 0.008697361685335636 4.485327243804932
27 38.42636220738369 0.9447605031728679 0.027419371530413628 0.009285629726946354 4.483233690261841
28 37.26157785801287 0.9230774655560097 0.09522349387407303 0.009838332422077656 4.466713190078735
29 40.04724301192854 0.9682767913749598 0.021794088184833527 0.007266285363584757 4.487184047698975
30 35.626432786247925 0.8873894427882284 0.10031283646821976 0.012901907786726952 4.467854022979736
31 39.023252756298525 0.962870012542926 0.024065952748060226 0.007894693873822689 4.484793186187744
32 39.83180946416408 0.965373763065755 0.022948332130908966 0.007702742703258991 4.491057395935059
33 36.52046571597043 0.895878636892821 0.31210562586784363 0.009259066544473171 4.487279415130615
34 36.31106656532191 0.8955516409176407 0.04926798865199089 0.012364374473690987 4.492856502532959
35 38.66330821041558 0.9533860874332186 0.05111989378929138 0.008726412430405617 4.475010633468628
36 40.491381184201174 0.9713949917165159 0.04386438429355621 0.0065576680935919285 4.477663278579712
37 38.10685440782708 0.8542902220789708 0.9398040771484375 0.007925914600491524 4.48600697517395
38 37.429723136864006 0.8999996466197245 0.19550709426403046 0.010306165553629398 4.492372035980225
39 37.64492852729166 0.9367679412414276 0.11700746417045593 0.007017127238214016 4.477514743804932
[37.97724311288601, 0.9376263724615482, 0.08731690300628543, 0.00922948996303603, 4.495203107595444]
testing ICVL_512_70..................
0 36.33189855399326 0.910207593105132 0.03844020888209343 0.011926418170332909 4.496449708938599
1 36.41411452485906 0.9075636770038988 0.03425603732466698 0.011906391941010952 4.462608814239502
2 34.72524027955408 0.8969256006440735 0.06736251711845398 0.014642137102782726 4.490976095199585
3 34.324841750066405 0.8853937186608193 0.06298893690109253 0.015354258008301258 4.4955220222473145
4 33.81040933811822 0.8993802829966493 0.05929187685251236 0.016400082036852837 4.483275890350342
5 34.541821853858934 0.9117688184576846 0.13146066665649414 0.013790094293653965 4.4840452671051025
6 36.53235614123196 0.9074909286000611 0.034026652574539185 0.011918173171579838 4.455667734146118
7 36.48092090718976 0.9069542385262546 0.03443913906812668 0.011977622285485268 4.4597368240356445
8 35.7739574782087 0.9025575849440725 0.13572680950164795 0.012953274883329868 4.49545955657959
9 34.40737239059164 0.8738421504702678 0.06000117212533951 0.01509765163064003 4.455022096633911
10 36.59945354624187 0.9095862732557607 0.03507697954773903 0.01178265456110239 4.484556436538696
11 35.642259721173495 0.8969378621582601 0.11777626723051071 0.012354216538369656 4.461416006088257
12 33.22418737794565 0.8812872251520619 0.04748377203941345 0.016255203634500504 4.489439964294434
13 35.183929527295234 0.8787018257943259 0.09711765497922897 0.013919693417847157 4.4946513175964355
14 35.48540175963336 0.8876949615955367 0.06556110829114914 0.01344910729676485 4.480087995529175
15 35.259164248277806 0.901205045799549 0.10350171476602554 0.012631498277187347 4.483931303024292
16 35.9340880586983 0.8883109911595857 0.12654343247413635 0.012733351439237595 4.49368953704834
17 35.74769187979837 0.9094369821078937 0.05555499345064163 0.012964807450771332 4.481296539306641
18 35.0800435873828 0.9066982007928377 0.09048653393983841 0.013676658272743225 4.4761106967926025
19 36.29671999093449 0.9074337921784331 0.0347975455224514 0.011875866912305355 4.445556402206421
20 35.25444225820587 0.9062864531369196 0.16779783368110657 0.011273765936493874 4.482570171356201
21 34.93904657361792 0.898438211771916 0.08257867395877838 0.014470811933279037 4.4804887771606445
22 36.45038787190052 0.909635596398372 0.03830642253160477 0.011942782439291477 4.491210222244263
23 36.55863074099624 0.9092418140426258 0.03642114996910095 0.011835576966404915 4.466010808944702
24 36.15860732986718 0.8750105144117503 0.15665626525878906 0.012505602091550827 4.495875120162964
25 36.08560273732919 0.9089013459055084 0.03636879846453667 0.011877303943037987 4.4524054527282715
26 36.492355848508836 0.9080714839230163 0.03464387729763985 0.011914633214473724 4.4628965854644775
27 36.460155327893894 0.9062209071322456 0.034810442477464676 0.011998860165476799 4.4895782470703125
28 34.5298933113263 0.8678489790027558 0.13246703147888184 0.014570468105375767 4.492006540298462
29 36.49896126473066 0.9070384770224986 0.03417845815420151 0.01193208061158657 4.456750869750977
30 34.18289366589742 0.868235981568876 0.11605638265609741 0.015304973348975182 4.48944878578186
31 36.613434903790655 0.9100053390885023 0.03528926149010658 0.011781568638980389 4.479428052902222
32 36.27708197705472 0.9069922534017744 0.03483372554183006 0.011952784843742847 4.4564526081085205
33 36.300475554323015 0.8863440213354399 0.3379422426223755 0.00983673520386219 4.460077524185181
34 34.937567829351046 0.8664866272308459 0.05881548672914505 0.014484170824289322 4.483134508132935
35 35.26589307183481 0.9022201987794779 0.07703231275081635 0.013280841521918774 4.487567901611328
36 35.08105684121298 0.8835910414157064 0.08943146467208862 0.014046024531126022 4.48513388633728
37 37.233625567523816 0.8260561197706251 1.043039083480835 0.008697699755430222 4.4825599193573
38 37.21772056819505 0.8950868360833931 0.20192140340805054 0.010742390528321266 4.48621940612793
39 36.06709360526861 0.8877119138091989 0.16513772308826447 0.011957112699747086 4.475175857543945
[35.660019994097055, 0.8949700467158651, 0.10864055147394538, 0.012850383715704083, 4.478112286329269]
testing ICVL_512_30..................
0 38.64644084145617 0.9672879413766832 0.024604400619864464 0.0075265513733029366 4.481074810028076
1 39.917129990969535 0.9647752175846673 0.022526755928993225 0.007708454038947821 4.487722635269165
2 38.6964192530212 0.9626872119988362 0.03847786411643028 0.008745318278670311 4.477379322052002
3 38.589152110247674 0.9604756713708009 0.034276723861694336 0.008880816400051117 4.483232736587524
4 37.06535608383742 0.9615642942510428 0.03537365421652794 0.010279509238898754 4.472896337509155
5 38.38348337049392 0.9612598274951731 0.08186903595924377 0.008390317671000957 4.485072135925293
6 39.47204528899489 0.9649582121254658 0.022296175360679626 0.007666960824280977 4.484521150588989
7 39.884916124223736 0.9650033058976278 0.022597910836338997 0.007663475349545479 4.485574722290039
8 36.454476548948286 0.9570164790595186 0.08568138629198074 0.008065314963459969 4.492162466049194
9 36.721119661220925 0.938136140093231 0.04057536646723747 0.010742619633674622 4.4903950691223145
10 38.603440700001855 0.9655530210097311 0.023440983146429062 0.007605699356645346 4.45585298538208
11 37.20869423657014 0.9575059156235298 0.08232927322387695 0.007201449945569038 4.464237213134766
12 37.3774914433188 0.9471552601462314 0.029969649389386177 0.01086649764329195 4.485716819763184
13 38.64146786748866 0.9542966553224683 0.055928248912096024 0.007974655367434025 4.483702898025513
14 37.81858363735082 0.9533420361723567 0.03677094355225563 0.00841324683278799 4.48467230796814
15 39.42516954696034 0.9551623948136185 0.05972360819578171 0.007955987937748432 4.4875733852386475
16 36.180610487779816 0.9603594118822738 0.0720176100730896 0.006535579916089773 4.490103006362915
17 39.75277505649429 0.9711275371132756 0.031492769718170166 0.008057774044573307 4.4725120067596436
18 37.16511733511888 0.9614008488767019 0.05520454794168472 0.008093073964118958 4.487985610961914
19 40.0457910169131 0.9651317723531996 0.023161854594945908 0.007623446173965931 4.488389015197754
20 38.05499496276564 0.9602826648355386 0.11003172397613525 0.0065232571214437485 4.4802186489105225
21 39.76414783312171 0.9626029407442465 0.043504536151885986 0.008252599276602268 4.456920862197876
22 39.460128993653825 0.9670545171517292 0.02483553998172283 0.007457497995346785 4.465003490447998
23 39.965589686440545 0.9656479151431492 0.02388615533709526 0.007460925728082657 4.480096817016602
24 37.0670327682215 0.9429419109943901 0.10573451966047287 0.007660474628210068 4.487086057662964
25 39.757906545855136 0.9656056215233667 0.023439722135663033 0.007510077208280563 4.45786452293396
26 39.13604265100827 0.9652322016909084 0.02281089313328266 0.0076827690936625 4.4856016635894775
27 39.77258865508087 0.9650029547485347 0.022825250402092934 0.007704735733568668 4.4622087478637695
28 36.44160689848521 0.9392821826186231 0.08425544202327728 0.008883814327418804 4.458695411682129
29 40.03616468828341 0.9651586216860403 0.02259567752480507 0.007658109068870544 4.493385076522827
30 37.63616800447159 0.9446022838578756 0.06727370619773865 0.009023592807352543 4.480868816375732
31 40.05523494228857 0.9657146477421134 0.02360239252448082 0.007547319866716862 4.4617321491241455
32 39.78203126925033 0.9646910880902504 0.02289491333067417 0.007715660613030195 4.472095012664795
33 34.735921828093744 0.949732094158095 0.14747798442840576 0.00523782055824995 4.456053733825684
34 37.96367350985194 0.94868914690749 0.0332021601498127 0.008997810073196888 4.483738422393799
35 39.969217749307866 0.9684781499590285 0.04396284371614456 0.007397029548883438 4.482983112335205
36 39.31289621886913 0.9538278395050189 0.05085808038711548 0.008379487320780754 4.489578723907471
37 40.74197670364375 0.9199047331266861 0.31645306944847107 0.005529086105525494 4.464537620544434
38 40.33110686179567 0.9468089770187078 0.121006079018116 0.006189814303070307 4.485071659088135
39 34.39762805441909 0.9525022241840448 0.10497352480888367 0.006110192742198706 4.480144739151001
[38.510793485657956, 0.9576990467563066, 0.05734857441857457, 0.007872970576863736, 4.4781165480613705]
testing ICVL_512_50..................
0 38.151707328467566 0.9428855264622108 0.030334457755088806 0.009423159062862396 4.490114450454712
1 37.491333113940335 0.94279891760738 0.027376998215913773 0.009445722214877605 4.491548538208008
2 36.48469003619842 0.9320334306451711 0.05158241093158722 0.011404701508581638 4.476296663284302
3 36.44487772251581 0.9239308060853587 0.047606583684682846 0.011939240619540215 4.485117435455322
4 35.24268183650573 0.9343396555924968 0.04583358392119408 0.013129032216966152 4.48434591293335
5 36.72659403654396 0.935761324521761 0.10671366751194 0.010772858746349812 4.479573488235474
6 38.33714494856983 0.942907163466161 0.02716459333896637 0.00941254012286663 4.459824800491333
7 38.4777977301284 0.9422623877531611 0.027792736887931824 0.009494611993432045 4.4884819984436035
8 37.84945057685544 0.9276849821638232 0.11058695614337921 0.00998544879257679 4.48073148727417
9 36.1886315088638 0.9111956054058207 0.05028844252228737 0.012533791363239288 4.478142023086548
10 38.135958865321065 0.9417711899123608 0.02849225141108036 0.009477927349507809 4.494217395782471
11 38.616039620277284 0.9315705211408345 0.09566832333803177 0.00843286607414484 4.452810049057007
12 35.2755272382897 0.9172827930331693 0.03828640654683113 0.013495312072336674 4.486392974853516
13 37.23928614089384 0.9123549957634408 0.07591010630130768 0.010857728309929371 4.492648363113403
14 37.13909602732132 0.9160864230916218 0.05017635226249695 0.010861187241971493 4.48917293548584
15 36.16854377593874 0.9257717804279144 0.08090382814407349 0.010243969038128853 4.481774806976318
16 38.21879558514379 0.9173045507693749 0.09895684570074081 0.009152046404778957 4.47762131690979
17 37.71092934840245 0.9463390302162787 0.04173886403441429 0.01001784298568964 4.489116430282593
18 36.93486491407022 0.9364142201865329 0.06990063190460205 0.010256032459437847 4.476306200027466
19 38.44513569840658 0.9421641872841715 0.02819081023335457 0.009451846592128277 4.491606712341309
20 38.26042701935282 0.9327107383194856 0.1362142562866211 0.00831119529902935 4.469224214553833
21 37.20734302890722 0.9288493820691397 0.06164020299911499 0.011055796407163143 4.482985734939575
22 37.706421034618 0.9441148828464608 0.030074184760451317 0.00933664757758379 4.476633071899414
23 38.08933890265413 0.9434655702649689 0.02877000719308853 0.009256557561457157 4.478618144989014
24 37.788305892868046 0.9091749391627247 0.13039076328277588 0.009463478811085224 4.481008529663086
25 38.25307239440548 0.942567546846957 0.028350424021482468 0.00932339671999216 4.484415531158447
26 38.25310890634522 0.942463586645838 0.027797583490610123 0.00947292149066925 4.4785332679748535
27 38.220862900476696 0.9419087504350064 0.028035443276166916 0.009531214833259583 4.489261150360107
28 36.71604709755985 0.9001001251238891 0.109871044754982 0.01122928224503994 4.453275918960571
29 38.52303176910682 0.9427109095981564 0.027468139305710793 0.009417292661964893 4.4838032722473145
30 36.32042822347784 0.9019679709572397 0.09299799054861069 0.01195292454212904 4.479782581329346
31 38.36266453035384 0.9429345426204724 0.028446834534406662 0.009385568089783192 4.468416929244995
32 37.83287049961089 0.9424768022856371 0.02801281213760376 0.009515811689198017 4.490972518920898
33 38.74439666251964 0.922426624880746 0.18112534284591675 0.0067268190905451775 4.496328115463257
34 36.43945901462281 0.907572770038424 0.04551924765110016 0.011671794578433037 4.493940830230713
35 37.76139243072315 0.9380540308901788 0.058358725160360336 0.00985443964600563 4.492189645767212
36 37.083151233216974 0.9177964971843386 0.07007807493209839 0.010930413380265236 4.478408575057983
37 39.63956726358683 0.9206144760811247 0.4377436339855194 0.005855265539139509 4.495913028717041
38 38.2888785092007 0.9193576402694886 0.15203042328357697 0.007906888611614704 4.491365194320679
39 38.171357159509135 0.9167097044806101 0.13682328164577484 0.008213668130338192 4.487706661224365
[37.57353026314426, 0.9295209245632481, 0.07433133167214692, 0.009954981051851063, 4.482465672492981]
testing ICVL_512_noniid..................
0 39.07493752710519 0.9561104205686567 0.05260860174894333 0.008638128638267517 4.491778373718262
1 41.91464793024249 0.9718708057949269 0.06529456377029419 0.005631428211927414 4.46464204788208
2 40.48022765719624 0.9711910461223792 0.08272700011730194 0.005967661272734404 4.493091106414795
3 41.603515743714205 0.9782058184542105 0.021767664700746536 0.00621040677651763 4.488375186920166
4 42.53202466300417 0.9786394004444005 0.020855823531746864 0.005883259233087301 4.48771071434021
5 42.1679028137984 0.9752859662936942 0.02259647659957409 0.006439034827053547 4.470237493515015
6 44.909134739023955 0.9739654188980842 0.10318992286920547 0.004129067994654179 4.487641096115112
7 43.59790892581406 0.9779001497278881 0.06740856170654297 0.004840778652578592 4.460672616958618
8 42.639373991352684 0.9784402459835013 0.021199610084295273 0.005997399799525738 4.466870307922363
9 41.373561626782106 0.9727980893746688 0.02255101129412651 0.006662258878350258 4.494933605194092
10 41.4940645672781 0.9759768585934829 0.024860497564077377 0.006912266835570335 4.484424591064453
11 43.74103907919615 0.9739371324965986 0.09142863005399704 0.004392785951495171 4.486273288726807
12 40.4193873682642 0.971476802201952 0.06164203956723213 0.006704952102154493 4.476046085357666
13 41.65488093308669 0.9725155078575022 0.02318022958934307 0.006665787659585476 4.465325832366943
14 41.15185899765139 0.9740714458807896 0.03191717714071274 0.006945695262402296 4.482579708099365
15 42.0237526740187 0.9774283718713793 0.02214018441736698 0.006139400415122509 4.465759992599487
16 40.01341315649188 0.9609184016720489 0.025131912901997566 0.00791124626994133 4.484643459320068
17 41.41332411488612 0.9719100543693278 0.023232171311974525 0.006633850280195475 4.485503911972046
18 41.80884744439674 0.9750701215509767 0.022545108571648598 0.006454804912209511 4.462647199630737
19 41.61943440031393 0.9785654215297185 0.024464285001158714 0.006345935631543398 4.486126184463501
20 42.17344323878432 0.9760750822344707 0.023563092574477196 0.006149637512862682 4.480189800262451
21 42.685331810830384 0.9703990610818126 0.07142839580774307 0.005689341574907303 4.464639902114868
22 38.512496190201844 0.971574090319643 0.07858113199472427 0.0069121322594583035 4.481030702590942
23 40.83665261522465 0.9671475527986442 0.0400974340736866 0.00729010347276926 4.488163709640503
24 40.60825402597531 0.9671118329270122 0.0511510968208313 0.0071355015970766544 4.4689271450042725
25 39.9752883195906 0.966207242390058 0.07041337341070175 0.007350258994847536 4.477993965148926
26 39.61537113175538 0.9724368651555824 0.048626501113176346 0.007973985746502876 4.451878070831299
27 42.42872910910507 0.9737843626550271 0.052924394607543945 0.006146914325654507 4.478970289230347
28 40.83176788080711 0.971253618383659 0.04774952679872513 0.007468367461115122 4.480074644088745
29 41.84836401386619 0.9759968050906284 0.02193397469818592 0.0062390719540417194 4.462785243988037
30 42.66456781487121 0.9826930762385133 0.04148983955383301 0.006111561320722103 4.458612442016602
31 42.20880280707614 0.9744196581166583 0.04493477940559387 0.006082707550376654 4.470553398132324
32 41.658184556365384 0.9740201843381525 0.02291310578584671 0.006537692155689001 4.478872060775757
33 40.89372494972716 0.9717948232749303 0.049979232251644135 0.007186577655375004 4.479788780212402
34 42.348942050642336 0.9759179942438091 0.020839687436819077 0.0061712320894002914 4.476955413818359
35 41.72842450658259 0.9732956712531643 0.10524777323007584 0.005062411073595285 4.474454402923584
36 42.62145680963185 0.9739735038445787 0.04167354851961136 0.006267716642469168 4.4935996532440186
37 41.68496086312957 0.9621489174750081 0.0889531597495079 0.006395039614289999 4.452763557434082
38 37.000895701484325 0.970252368641804 0.032374851405620575 0.009898442775011063 4.483916997909546
39 42.1351238052663 0.9762652642148383 0.020836710929870605 0.006100989878177643 4.454785108566284
[41.50235051386337, 0.9728261363591043, 0.045161327067762616, 0.006491895881481469, 4.476105952262879]
testing ICVL_512_deadline..................
0 39.1234291478793 0.9639261514103116 0.04971153289079666 0.008021149784326553 4.487394571304321
1 42.99296642336214 0.9759181178330545 0.061491090804338455 0.005341821815818548 4.465026617050171
2 41.09411226094274 0.9709574600209857 0.08123690634965897 0.006227544508874416 4.484379529953003
3 41.01247103891123 0.9701175849930052 0.02269597165286541 0.006929366383701563 4.481786489486694
4 41.53843594984266 0.9774962192017455 0.02275264635682106 0.006229103542864323 4.487821340560913
5 41.870261287099446 0.9778019472407777 0.02348487451672554 0.006444958504289389 4.463679313659668
6 43.285799293964466 0.9629563723591424 0.11792231351137161 0.005080182570964098 4.4906744956970215
7 42.888277414516224 0.9752241522913258 0.07401499897241592 0.005083021242171526 4.45770263671875
8 41.806713550464316 0.9739336949641422 0.02157408744096756 0.006546372082084417 4.45853853225708
9 42.18088035070831 0.976101701033185 0.020846813917160034 0.006367200519889593 4.493682146072388
10 42.134551602454145 0.9771627582089345 0.021393045783042908 0.0061498223803937435 4.485213994979858
11 41.87250629125553 0.9723661996984381 0.09508892893791199 0.004497963469475508 4.484906196594238
12 40.97355077662094 0.9687245746210583 0.06512216478586197 0.0067670708522200584 4.478793144226074
13 41.61410751137058 0.9762137378507 0.02358884923160076 0.006341100670397282 4.456367492675781
14 40.68933579330254 0.9726220939140214 0.035691697150468826 0.007433565799146891 4.480393886566162
15 40.028921207660474 0.9711361417678143 0.02489650808274746 0.007037135772407055 4.479229927062988
16 42.132566258357585 0.9770988305322532 0.022932881489396095 0.006408932618796825 4.485296010971069
17 41.41222417971882 0.9768168472804853 0.02441793493926525 0.006457634270191193 4.48839259147644
18 41.487692646523335 0.9786406709560579 0.022017095237970352 0.0062912446446716785 4.486818075180054
19 41.05646373280608 0.9738950128175269 0.025660768151283264 0.007084252312779427 4.492917776107788
20 40.877901228221525 0.9758961665992477 0.023923173546791077 0.006532859522849321 4.463208436965942
21 42.041634833316394 0.9680058320443865 0.07295630872249603 0.005797325633466244 4.482641220092773
22 41.050482745873616 0.9720238575782817 0.07391993701457977 0.006072148680686951 4.491928577423096
23 40.8237772975786 0.9662558109484349 0.04504706338047981 0.007452116813510656 4.479278564453125
24 41.38434211461285 0.9712972162839771 0.05051518976688385 0.006961242761462927 4.484596014022827
25 40.82976324842579 0.9654747035478195 0.06843823194503784 0.007505462504923344 4.4781599044799805
26 40.46043261103743 0.9741273103839355 0.04224037006497383 0.007768446113914251 4.480589151382446
27 42.465419311519064 0.9705683568350821 0.05296245589852333 0.006063621025532484 4.488283395767212
28 40.45001760062273 0.9707646074448092 0.047435514628887177 0.0073197027668356895 4.470766544342041
29 41.84616421279516 0.9768100990123577 0.022770710289478302 0.0063123335130512714 4.476170539855957
30 41.086436583267144 0.9825097080310885 0.04193337634205818 0.006178132724016905 4.478134870529175
31 42.66553518396294 0.9763924213549167 0.04351728782057762 0.006006793584674597 4.48236346244812
32 42.073815165484795 0.9778511709584032 0.021938614547252655 0.006288094911724329 4.480623006820679
33 39.564850809852125 0.9616486782533287 0.05665776878595352 0.008240161463618279 4.480295419692993
34 39.764132412508616 0.962584108578287 0.024419523775577545 0.0077149951830506325 4.486904621124268
35 44.398218036685975 0.9745964269889384 0.10404379665851593 0.004636844154447317 4.4873340129852295
36 41.738414915849184 0.9759401064115839 0.04020170494914055 0.005972796585410833 4.477108955383301
37 41.38313234040772 0.9619291691396467 0.09320460259914398 0.006380156148225069 4.4833269119262695
38 38.44048767503405 0.9768029323651028 0.028420280665159225 0.009224239736795425 4.480752944946289
39 41.13690646894261 0.9731048840288076 0.021531151607632637 0.006729319225996733 4.488319158554077
[41.391928287843974, 0.9725923458945849, 0.045815454330295324, 0.006547405919991434, 4.480245012044906]
testing ICVL_512_impulse..................
0 39.548245071655415 0.9673169668452413 0.05959923565387726 0.008546719327569008 4.456968545913696
1 41.10483389616216 0.962274902802474 0.08432455360889435 0.006808984559029341 4.444293260574341
2 39.117801137601084 0.9565799271952156 0.1084374189376831 0.007644955068826675 4.492607593536377
3 40.38638254520065 0.9667636813625866 0.025161774829030037 0.007549785543233156 4.455562353134155
4 40.11701876083379 0.9671486100189125 0.026955798268318176 0.007561062928289175 4.475494623184204
5 40.69344496948788 0.970090832874782 0.025593046098947525 0.007367110811173916 4.494169235229492
6 44.451017314752534 0.9687608154663363 0.13591419160366058 0.004729209002107382 4.4518585205078125
7 41.450561569234324 0.9655822797172237 0.11899985373020172 0.006265273783355951 4.486190319061279
8 41.500735767440155 0.973649833594607 0.023210864514112473 0.006621190346777439 4.480353832244873
9 40.425716680481564 0.9682643716820515 0.02605101838707924 0.0076538873836398125 4.479266405105591
10 40.36044916934334 0.964453113931819 0.02519267238676548 0.007691781967878342 4.475197076797485
11 39.85570229787095 0.9255725363888947 0.20472854375839233 0.007661375217139721 4.490406036376953
12 40.481869245181265 0.9621381757302905 0.08446250110864639 0.0077039096504449844 4.459796667098999
13 39.964215393191225 0.9637763849893622 0.0304194837808609 0.00818687491118908 4.486664295196533
14 39.775518740232144 0.967742487139218 0.04103836417198181 0.008145061321556568 4.455894947052002
15 39.923853034667545 0.9685748327027476 0.02807227149605751 0.007837625220417976 4.479993581771851
16 40.19730682690682 0.9645256597758978 0.02622324600815773 0.00790322944521904 4.490491151809692
17 37.70928970625796 0.9577042687058877 0.02769266441464424 0.008559171110391617 4.482931613922119
18 40.96622471393427 0.9723908480726425 0.02486311085522175 0.007057532202452421 4.4567601680755615
19 40.947570235195876 0.9750295536768158 0.03230234608054161 0.007439826615154743 4.467031717300415
20 40.3758320733929 0.9723290222331048 0.03108736127614975 0.007656830362975597 4.492010116577148
21 41.18487662724486 0.9392589767696505 0.12324332445859909 0.007030131295323372 4.483099460601807
22 39.11973923527468 0.9475784973105302 0.14617499709129333 0.00812660250812769 4.488306045532227
23 39.58411755564611 0.9628706846485366 0.05083932727575302 0.008855758234858513 4.493211030960083
24 39.43462882408176 0.9563177220531154 0.06688793748617172 0.008813242428004742 4.464403390884399
25 39.303332026987825 0.9555520752489436 0.09066218882799149 0.009179314598441124 4.487325668334961
26 39.72820570046144 0.9729886333792174 0.05642026290297508 0.008325393311679363 4.4762327671051025
27 40.26497929294529 0.9589888765002188 0.08905971795320511 0.008117079734802246 4.482149362564087
28 40.311357722044015 0.9686019472461483 0.05141865462064743 0.007717091124504805 4.480020523071289
29 40.931122399940904 0.975266915313761 0.029055889695882797 0.007384702563285828 4.464936971664429
30 40.9313629473071 0.9764283041388885 0.05283145233988762 0.007235086522996426 4.484695196151733
31 41.095331411557034 0.9680708574312756 0.05144133418798447 0.006929384078830481 4.478797674179077
32 42.27863777969694 0.9752333378416014 0.021200628951191902 0.006095843855291605 4.481172561645508
33 38.67828683923421 0.9599674540390497 0.06810072809457779 0.00899254810065031 4.4781060218811035
34 41.223785617081816 0.9717494757940844 0.02419077605009079 0.007043309975415468 4.482058525085449
35 41.2694509352572 0.9435072639804093 0.21843194961547852 0.006804661359637976 4.476531028747559
36 41.37178916866318 0.96645707327831 0.05183429270982742 0.006785769015550613 4.483821868896484
37 33.750068295647026 0.9355072950863762 0.14384737610816956 0.009638702496886253 4.490654468536377
38 38.27518121320093 0.9734777260882576 0.03147201985120773 0.010364922694861889 4.484040021896362
39 41.119554123525766 0.9748227934397548 0.02387848123908043 0.0068939365446567535 4.476024866104126
[40.23023492162055, 0.963582875362356, 0.06453304151073098, 0.007673121930565685, 4.477238237857819]
testing ICVL_512_stripe..................
0 40.59732551757199 0.9712392154901427 0.04473539814352989 0.007198657374829054 4.463417291641235
1 40.464070033430346 0.9701004330259941 0.06757868826389313 0.005750229116529226 4.485340356826782
2 41.20614585904417 0.9705716002296995 0.08516600728034973 0.006210096180438995 4.480715036392212
3 41.27492670642082 0.9721232060602742 0.022926954552531242 0.006763025652617216 4.480557680130005
4 40.86684053749231 0.9754157005356918 0.022698335349559784 0.006206682417541742 4.486119508743286
5 42.42090415712381 0.9772338164518352 0.021362842991948128 0.00617075664922595 4.485289812088013
6 43.525434559396174 0.9748807642229574 0.10446902364492416 0.004191759508103132 4.491656303405762
7 43.76100609854353 0.9769331353133248 0.07158369570970535 0.004876099992543459 4.479691743850708
8 41.04076547326818 0.9743308188274473 0.02444840781390667 0.00670623080804944 4.4774391651153564
9 41.48985985960029 0.9723148489550368 0.022163644433021545 0.006726441439241171 4.483472585678101
10 42.36890658176868 0.978406240755713 0.020740889012813568 0.00609313091263175 4.485911130905151
11 40.016516337056196 0.9645492230192129 0.11092858016490936 0.00527930399402976 4.486674547195435
12 40.31206914265012 0.9702026731795487 0.0656755119562149 0.006856116000562906 4.489085674285889
13 41.895808069771746 0.9742123755343212 0.022358888760209084 0.006348722614347935 4.472208261489868
14 40.536341137649465 0.9720819934363097 0.03493335843086243 0.00742361880838871 4.489646673202515
15 42.24952891903536 0.9775794954307381 0.02259528823196888 0.006219681818038225 4.480838775634766
16 41.85627844913265 0.976306579563619 0.02029292844235897 0.006166983861476183 4.488720655441284
17 40.94483148820288 0.9731910514189481 0.02411777339875698 0.006744677666574717 4.462641716003418
18 41.40727478216073 0.9709220919923429 0.021655764430761337 0.006963489111512899 4.488194227218628
19 41.91919348810514 0.9782696915499036 0.024568183347582817 0.006413439754396677 4.489509105682373
20 41.68402889451432 0.9772216149306253 0.023635417222976685 0.006273922044783831 4.482172012329102
21 42.321528371557015 0.9660323479084663 0.07216537743806839 0.006020969245582819 4.482829332351685
22 37.62090439758521 0.9669901286826161 0.08766841143369675 0.007064159028232098 4.462226390838623
23 40.385134978745306 0.9634802797961638 0.04630443453788757 0.007934683933854103 4.463824272155762
24 37.27856206034224 0.962801536562581 0.06303747743368149 0.008301367051899433 4.47733473777771
25 40.75109584425159 0.9645487315915032 0.06975209712982178 0.0075061325915157795 4.489303350448608
26 40.108017509260726 0.9713241702837901 0.045046042650938034 0.008028170093894005 4.483410596847534
27 41.30996499156293 0.9656682409262494 0.06192848086357117 0.007044549565762281 4.479944229125977
28 41.4795838273546 0.976599964560309 0.04407777637243271 0.00673836562782526 4.4817116260528564
29 41.60827538184808 0.9757779295626532 0.02455124631524086 0.006578204222023487 4.484840393066406
30 41.02451600804679 0.975905572606844 0.04820113256573677 0.00703091686591506 4.481374979019165
31 42.33517557693859 0.972591769972893 0.0473581925034523 0.0063537172973155975 4.464527368545532
32 42.231785761841465 0.9786561951687037 0.020246393978595734 0.005847574211657047 4.480249643325806
33 40.283159162884246 0.9685630440646514 0.05388312041759491 0.007620795629918575 4.488733291625977
34 42.25260812556092 0.9771415025174109 0.020133761689066887 0.006225018762052059 4.484881401062012
35 42.70492165453712 0.9706034061874314 0.10890491306781769 0.005217616446316242 4.481489658355713
36 38.45721149642087 0.9733187076886831 0.047014154493808746 0.006587378215044737 4.482206106185913
37 41.29464917350785 0.9689015516029499 0.08182592689990997 0.005661916919052601 4.4939916133880615
38 38.31458281259406 0.9689301776758659 0.0305444598197937 0.010238812305033207 4.484708309173584
39 41.48188159784135 0.9729411965114904 0.022862566635012627 0.006919438485056162 4.4635889530181885
[41.12704037061549, 0.9722215755948735, 0.04685353869572282, 0.006612571305595338, 4.481011962890625]
testing ICVL_512_mixture..................
0 37.599772211501275 0.9517604770177288 0.06616867333650589 0.010275202803313732 4.48855996131897
1 39.6468670082498 0.9533655452160057 0.09986168891191483 0.008114339783787727 4.456313133239746
2 38.69891169668134 0.9582360923346883 0.11407092213630676 0.008005823008716106 4.475964307785034
3 39.56109720991497 0.9651877286987255 0.030691489577293396 0.008418251760303974 4.479084491729736
4 40.08931106684505 0.963202544617773 0.026201073080301285 0.007537406869232655 4.489415407180786
5 38.51753320318699 0.9594309161899166 0.034511979669332504 0.009476748295128345 4.486845970153809
6 41.77181626441932 0.9581536602903055 0.16951371729373932 0.006210130639374256 4.46513557434082
7 40.78623418207634 0.9652179021186572 0.1426762491464615 0.007024999242275953 4.489414215087891
8 39.59086843600779 0.9682816847923127 0.027210522443056107 0.007652828469872475 4.452023267745972
9 39.71568448092226 0.9657471534958647 0.02939017303287983 0.008331859484314919 4.474718809127808
10 37.69698604846192 0.9375891388345093 0.033784475177526474 0.010451418347656727 4.48527455329895
11 38.595127440203775 0.9223439807659387 0.2589493691921234 0.008352765813469887 4.4808876514434814
12 35.69507128965494 0.9156340582464056 0.09822604060173035 0.013275719247758389 4.484619855880737
13 38.899158043701895 0.964592020332417 0.029334723949432373 0.008415143005549908 4.493237733840942
14 36.88238331406979 0.9484391706957855 0.05212290957570076 0.01073433831334114 4.478616952896118
15 37.58091642219142 0.9671633543967735 0.029810970649123192 0.008249882608652115 4.48609471321106
16 38.67328206461767 0.961763452934809 0.032483749091625214 0.009195960126817226 4.486426830291748
17 39.15251253649943 0.9563610220680423 0.03173290565609932 0.008842027746140957 4.489794731140137
18 39.50189087800062 0.9661098085378335 0.03336840495467186 0.00898575596511364 4.482953071594238
19 38.9856261690577 0.9624825843031362 0.03460429236292839 0.009045927785336971 4.550028562545776
20 40.3587682183193 0.9671759411304793 0.029752058908343315 0.007724928203970194 4.507114410400391
21 39.97245938111182 0.9504313259559941 0.1280820518732071 0.008200514130294323 4.488562345504761
22 37.08034977294052 0.9558619871709801 0.11854446679353714 0.008585937321186066 4.491439342498779
23 38.05453456407119 0.947327661991515 0.04738328978419304 0.009861055761575699 4.483831405639648
24 37.771741776340214 0.9463621488489964 0.07823874801397324 0.010205893777310848 4.482725620269775
25 37.28075882832128 0.9343407754927123 0.09435921907424927 0.010560370050370693 4.498128414154053
26 37.01359211794616 0.9534576217405843 0.06365522742271423 0.010901358909904957 4.487049341201782
27 39.39923374270539 0.9546910800907118 0.08142068982124329 0.008554769679903984 4.461150646209717
28 37.16833984515956 0.9626578401275057 0.058267991989851 0.008450011722743511 4.486362934112549
29 40.897566441268765 0.9702634443040138 0.027098147198557854 0.007267018314450979 4.491101026535034
30 38.50080608679386 0.9624505476723211 0.06161544844508171 0.009231424890458584 4.455092430114746
31 39.02619914303278 0.9545563482803466 0.06756749749183655 0.009162492118775845 4.470354318618774
32 39.091588128015516 0.962743025527086 0.03255622833967209 0.008828382939100266 4.4870381355285645
33 37.91746883772647 0.9507097800611249 0.0704110860824585 0.009848936460912228 4.455215930938721
34 40.42580380819809 0.968330570370579 0.025081710889935493 0.007498582359403372 4.482592821121216
35 38.63085079175572 0.9463128413297509 0.20421266555786133 0.007893802598118782 4.493529558181763
36 34.82226384071108 0.9396224128984216 0.07208208739757538 0.010861842893064022 4.4904561042785645
37 33.97181632560143 0.9343999568753673 0.1268521398305893 0.009200451895594597 4.493106365203857
38 36.98934468711035 0.962038525377931 0.03619987890124321 0.011271186172962189 4.477278709411621
39 40.682780235280724 0.9695615390946654 0.024947483092546463 0.00732776103541255 4.482406377792358
[38.567432913466845, 0.9551089417557174, 0.07057606116868556, 0.008950831263791769, 4.483498650789261]
