Namespace(prefix='gauss', arch='ssumamba', lr=0.001, wd=0, loss='char', task_id=0, beta=0.95, epochs=-1, init='kn', no_cuda=False, no_log=True, threads=0, seed=2018, resume=True, no_ropt=True, chop=False, slice=False, resumePath='./checkpoints/ssumamba/complex_icvl/model_epoch_83_496914.pth', ImportancePath=None, dataroot='./data/ICVL/trainset/ICVL64_31.npz', valroot='./data/ICVL/valset_gauss', clip=1000000.0, gpu_ids=[0])
Cuda Acess: 1
=> creating model 'ssumamba'
feature_map_sizes: [[31, 64, 64], [31, 32, 32], [31, 32, 32], [31, 16, 16], [31, 16, 16], [31, 8, 8]]
do_channel_token: [False, False, False, False, False, False]
MambaLayer: dim: 32
MambaLayer: dim: 64
MambaLayer: dim: 64
MambaLayer: dim: 128
MambaLayer: dim: 128
MambaLayer: dim: 256
use init scheme: kn
criterion:  CharbonnierLoss()
==> Loading checkpoint...
==> Resuming from checkpoint ./checkpoints/ssumamba/complex_icvl/model_epoch_83_496914.pth..
model params: 10.37
testing ICVL_512_blind..................
0 30.934178337025877 0.9607582729781977 0.030015069991350174 0.009440742433071136 1.283306360244751
1 32.93317167357277 0.9602494155110336 0.027225293219089508 0.00920820888131857 0.9820396900177002
2 36.813444857023846 0.9753916871201787 0.03636040538549423 0.007855918258428574 0.9756591320037842
3 35.321526189581675 0.9463997946396028 0.042770303785800934 0.011280987411737442 0.9627842903137207
4 34.519504695890355 0.9593526334283262 0.0380043089389801 0.011463620699942112 0.9719898700714111
5 36.77726558926094 0.9565108868780567 0.09455038607120514 0.009295086376369 0.9649238586425781
6 34.39876529830112 0.9699607678461225 0.024900611490011215 0.007985836826264858 0.9684634208679199
7 33.04408260881434 0.9456386426116488 0.03204575553536415 0.011401803232729435 0.9646599292755127
8 38.373073817892646 0.9413143473409825 0.09281954169273376 0.009121528826653957 0.9661493301391602
9 36.017602567462355 0.9405268814915292 0.04272329434752464 0.011168253608047962 0.9653098583221436
10 35.300937778185016 0.9347645087424291 0.03615853190422058 0.011573181487619877 0.9668285846710205
11 37.373350652978914 0.9448590855058764 0.09159068763256073 0.00821375846862793 0.9653317928314209
12 34.75408897032731 0.9652668099546259 0.02581143192946911 0.009537997655570507 0.9677066802978516
13 36.55857375346655 0.9606447433982838 0.05829709395766258 0.008186089806258678 0.9618353843688965
14 36.96607146227161 0.9422511482826386 0.047215282917022705 0.010179243981838226 0.9675095081329346
15 37.704231466335244 0.958842452167922 0.06250296533107758 0.008160215802490711 0.9676907062530518
16 40.52995395715946 0.9672773014845845 0.07573544234037399 0.006352082826197147 0.9679248332977295
17 36.31866923892889 0.9650984297170618 0.03784675896167755 0.009718060493469238 0.9652493000030518
18 35.81041471882419 0.9575763949871103 0.0642211064696312 0.009433369152247906 0.9668047428131104
19 35.301156838735814 0.9350536578844049 0.03587270528078079 0.01167361717671156 0.967667818069458
20 38.50559647732988 0.9472397204641234 0.12861663103103638 0.007781358435750008 0.9725234508514404
21 36.461662867351194 0.941349882932348 0.06568462401628494 0.011649114079773426 0.9664912223815918
22 31.821252727622024 0.9623607399594332 0.029792238026857376 0.009037377312779427 0.9674427509307861
23 29.483757332602252 0.9570076981205466 0.030046891421079636 0.009856085292994976 0.9700663089752197
24 34.82098143367463 0.941917959053045 0.1033339574933052 0.008027021773159504 0.9661383628845215
25 34.2137822787244 0.9655583259768252 0.02697942592203617 0.008236618712544441 0.96797776222229
26 32.09243257524007 0.952589061304794 0.02947215735912323 0.010561070404946804 0.9679200649261475
27 33.492157986753845 0.9484756440945009 0.030494946986436844 0.011043746024370193 0.9701354503631592
28 35.754346289870334 0.9305437853208209 0.09244994074106216 0.009884731844067574 0.967195987701416
29 32.00462525708819 0.9597951797341712 0.027372442185878754 0.009291081689298153 0.9637565612792969
30 36.191146447403966 0.9247504025135987 0.08049876242876053 0.011101854033768177 0.969412088394165
31 30.717520369729346 0.9570277285419595 0.028951654210686684 0.009800710715353489 0.9673516750335693
32 32.131632048208246 0.9580350468578225 0.02819008007645607 0.009716590866446495 0.971125602722168
33 41.07597278318497 0.9492870455681045 0.18429116904735565 0.005845014471560717 0.9659008979797363
34 35.81453144203064 0.9244370708944184 0.03940511867403984 0.011478003114461899 0.9656059741973877
35 37.550100058130376 0.9680475161666255 0.04581600800156593 0.007859820500016212 0.9659605026245117
36 31.866339580677863 0.9731711444070049 0.04648137092590332 0.007207602262496948 0.968860387802124
37 38.98479171212896 0.9276462723043711 0.582017719745636 0.00669913599267602 0.9666986465454102
38 39.470331811187876 0.9319161387339351 0.1485958844423294 0.007929021492600441 0.9671249389648438
39 35.43335991165823 0.9541264184421184 0.10730195045471191 0.006341882981359959 0.9656600952148438
[35.340909646565905, 0.9515755160840296, 0.07131149875931442, 0.009264936135150493, 0.9755795955657959]
testing ICVL_512_70..................
0 35.69999103741138 0.9405720554789455 0.03819087892770767 0.011172025464475155 0.9753096103668213
1 34.98147657867513 0.9292513984334599 0.03827393054962158 0.012258091010153294 0.9655611515045166
2 34.69676478011768 0.927882327063628 0.06410001963376999 0.014004204422235489 0.9706263542175293
3 34.93265770933745 0.9249205220877552 0.05379552021622658 0.013611146248877048 0.9721317291259766
4 33.52332192900103 0.9249928344781999 0.052993353456258774 0.016084538772702217 0.9805045127868652
5 35.4656984355697 0.92702467127147 0.12465720623731613 0.012250576168298721 0.9684224128723145
6 34.943898165574474 0.930194317120262 0.038448408246040344 0.012226955965161324 0.9679324626922607
7 35.05553623847157 0.9311317973469477 0.03794887289404869 0.012070405296981335 0.9740958213806152
8 37.28597966944417 0.9278764972763263 0.10604318976402283 0.01074535958468914 0.9788839817047119
9 34.13442719183233 0.9001476926064015 0.058636825531721115 0.015821628272533417 0.9669234752655029
10 35.13173007370399 0.9328347975060858 0.03755149990320206 0.011596103198826313 0.9707539081573486
11 37.52104115916808 0.92634779064092 0.10616163164377213 0.009599619545042515 0.9715783596038818
12 33.14681646887513 0.9010483282811996 0.04475434124469757 0.017410969361662865 0.9776055812835693
13 36.24225773682443 0.9284684975481173 0.08870663493871689 0.012024750001728535 0.9673585891723633
14 36.75240239182389 0.9286442555622394 0.05719565972685814 0.01140305120497942 0.967843770980835
15 35.664171490007135 0.9291639660679499 0.08789113163948059 0.012454786337912083 0.9724576473236084
16 39.79205746500222 0.9610628758235377 0.08978553116321564 0.00753518333658576 0.9815065860748291
17 35.179414018662065 0.944873229652251 0.051909189671278 0.013032912276685238 0.9696550369262695
18 34.469257591555554 0.9310979738676282 0.0894848182797432 0.013699245639145374 0.9686074256896973
19 35.23425098554892 0.9328061498343588 0.03688075765967369 0.011775926686823368 0.9715466499328613
20 37.698446169556874 0.9328491621108059 0.13780488073825836 0.008992338553071022 0.9804699420928955
21 35.51613193533667 0.9319456424628001 0.07220430672168732 0.013203172944486141 0.9695329666137695
22 35.567664698164144 0.9417660170650393 0.036877281963825226 0.010954785160720348 0.9673833847045898
23 35.581341121322865 0.9355164220436063 0.03690708801150322 0.01128972414880991 0.9714751243591309
24 37.702937680808276 0.9051606005380788 0.1320435255765915 0.010043256916105747 0.9803006649017334
25 35.24497332504647 0.933541235819981 0.03747472167015076 0.011503438465297222 0.9663567543029785
26 35.192743674884014 0.9318800831145212 0.03757506236433983 0.01195484958589077 0.9707789421081543
27 35.11173573959647 0.9328904248536126 0.036703675985336304 0.011867903172969818 0.973710298538208
28 35.31764705657973 0.8836712569566808 0.12083491683006287 0.012957676313817501 0.9779000282287598
29 35.05411688640993 0.9315599604740268 0.0369190089404583 0.011992277577519417 0.9682199954986572
30 35.13850136639863 0.9062356898021662 0.09534389525651932 0.013035858049988747 0.9665696620941162
31 35.395244049616295 0.9338044956506902 0.036809150129556656 0.011522692628204823 0.9676060676574707
32 35.17906044864382 0.9321155161172413 0.03694542869925499 0.011874723248183727 0.9765400886535645
33 40.757495071504366 0.9461279300126512 0.19257210195064545 0.006155489943921566 0.9681620597839355
34 35.27032865543914 0.9107992169373229 0.048161473125219345 0.012984341010451317 0.9660868644714355
35 36.18044144797449 0.9462579587917478 0.06447608768939972 0.011377846822142601 0.9724726676940918
36 35.82728837490735 0.9180966973980831 0.0817495733499527 0.012223903089761734 0.9794247150421143
37 38.56170761511072 0.9165367012117153 0.6566698551177979 0.007107107434421778 0.9691359996795654
38 39.19606224293559 0.9297639014212894 0.15398027002811432 0.008153771050274372 0.9706704616546631
39 38.99969469096682 0.9344292491260716 0.14713960886001587 0.007923128083348274 0.9717462062835693
[35.95866783419523, 0.9278822534963954, 0.08756503285840153, 0.011697394074872136, 0.9718461990356445]
testing ICVL_512_30..................
0 32.39892317288298 0.9619840266937547 0.029428601264953613 0.009168202057480812 0.9785246849060059
1 31.74984501119591 0.957640832097667 0.027801750227808952 0.009671462699770927 0.9687199592590332
2 35.91517172398525 0.965035351409175 0.041115667670965195 0.009202287532389164 0.9702973365783691
3 34.81897416601599 0.9615055319590925 0.03668779134750366 0.009497092105448246 0.9722788333892822
4 35.0626547551645 0.9647530100985562 0.03544636443257332 0.010624674148857594 0.9864757061004639
5 36.081121315575814 0.9643542595172042 0.08625379949808121 0.00860521662980318 0.9679739475250244
6 31.694449195556373 0.9571124790888758 0.027877885848283768 0.009716742672026157 0.9696259498596191
7 31.363974807857335 0.9578026865082616 0.028175223618745804 0.009696376509964466 0.9711520671844482
8 37.10226260502093 0.9639122684927305 0.07412980496883392 0.007330679800361395 0.9840469360351562
9 36.162265237155175 0.9405802755685807 0.042707595974206924 0.011144282296299934 0.9700124263763428
10 32.18463221344996 0.9583447171027287 0.02817101590335369 0.009441360831260681 0.9713034629821777
11 34.441502769604895 0.9559826510017773 0.08860765397548676 0.007529751863330603 0.9727115631103516
12 34.27400517051641 0.9494833908220719 0.028567900881171227 0.011041417717933655 0.9798853397369385
13 36.797703267558994 0.9591306682149231 0.059605713933706284 0.008310285396873951 0.9692051410675049
14 36.30944867301452 0.9615166880413464 0.03592346981167793 0.008206084370613098 0.9691638946533203
15 37.8888154802405 0.9635943425946514 0.05869011953473091 0.0076820021495223045 0.9723107814788818
16 32.949593973204735 0.9755268347189673 0.06033499166369438 0.005712918471544981 0.984992265701294
17 35.73554548820997 0.971859336873254 0.03316112980246544 0.008579382672905922 0.971198320388794
18 35.86575424873141 0.9619412185234857 0.06037227809429169 0.008932328782975674 0.9694440364837646
19 31.68086132496534 0.957338186889129 0.028476770967245102 0.009652853012084961 0.9713194370269775
20 36.00106085464525 0.9677388087577069 0.10737883299589157 0.006313135381788015 0.9799985885620117
21 36.50377311059872 0.9651767080522426 0.04831736162304878 0.008593312464654446 0.9706246852874756
22 30.45509313513826 0.9613648005237349 0.030309472233057022 0.009320592507719994 0.9656436443328857
23 30.69707864078885 0.9582093382627968 0.02937927283346653 0.009488066658377647 0.9739530086517334
24 33.34835735757792 0.9492632095039413 0.09965526312589645 0.007659656926989555 0.9827849864959717
25 31.336964475289506 0.9587447819737314 0.02858419343829155 0.009409859776496887 0.968245267868042
26 31.93510866160413 0.9576336086040389 0.02790253236889839 0.009646778926253319 0.9698214530944824
27 32.790328261064445 0.9576930417081319 0.02773244120180607 0.009583180770277977 0.973254919052124
28 35.59161035490325 0.9413152662365887 0.08738184720277786 0.00917933601886034 0.9836065769195557
29 31.912388400950572 0.9574161777503643 0.02788318693637848 0.009693976491689682 0.9691696166992188
30 35.90733348766216 0.9517867091788071 0.06499313563108444 0.0090644471347332 0.9671976566314697
31 31.140167319092676 0.9585339406958078 0.028621358796954155 0.009466039948165417 0.9713606834411621
32 31.784137678294655 0.9575004759986983 0.028149109333753586 0.009699502028524876 0.9792723655700684
33 35.13126415017839 0.9614324883328885 0.11996369808912277 0.004935591481626034 0.9675815105438232
34 35.99002535436551 0.949009108642374 0.03136514127254486 0.009353231638669968 0.9683148860931396
35 36.81405620192504 0.9734870820798105 0.04201546311378479 0.0070976740680634975 0.9672343730926514
36 36.45692123244539 0.9542498618923504 0.05427657812833786 0.008930692449212074 0.9825854301452637
37 39.9539187691208 0.932664252813459 0.3112282156944275 0.005809498019516468 0.9660482406616211
38 35.07517904482515 0.9595209631741861 0.10437832772731781 0.005905049853026867 0.9665906429290771
39 34.20405130996762 0.9622573252069428 0.09979444742202759 0.0058266944251954556 0.9682786464691162
[34.33765806000862, 0.958609917640121, 0.0577711352147162, 0.008618042967282236, 0.9728052318096161]
testing ICVL_512_50..................
0 32.87064560561076 0.9536674816230862 0.032452452927827835 0.010613512247800827 0.9785287380218506
1 33.133516713296544 0.9461518327337268 0.03158300369977951 0.011367561295628548 0.965914249420166
2 35.805823528832974 0.949422600410975 0.04992128536105156 0.011114218272268772 0.9692800045013428
3 35.45746185971184 0.9461486487133858 0.042864736169576645 0.01132075022906065 0.971527099609375
4 34.82375055204928 0.9489369408273651 0.04214499145746231 0.012878584675490856 0.9798054695129395
5 36.75661610908531 0.9519093170045763 0.10143198072910309 0.009700370952486992 0.9667947292327881
6 33.37759831744212 0.946210258516299 0.03128077834844589 0.011297970078885555 0.9686663150787354
7 32.909158770766105 0.9473901042211246 0.031195534393191338 0.011258715763688087 0.9734861850738525
8 38.22304769755636 0.9482733390199904 0.08528359234333038 0.00855026114732027 0.9807708263397217
9 35.06862946622985 0.922466596788294 0.0491919070482254 0.013109187595546246 0.9703993797302246
10 32.97945660720226 0.9485354767396211 0.031100183725357056 0.011110864579677582 0.9687838554382324
11 37.256777567040615 0.9443508959232012 0.09097988158464432 0.00821776408702135 0.9753727912902832
12 34.098431863984544 0.9305906848059929 0.03336622938513756 0.013137740083038807 0.9801695346832275
13 36.89085510936581 0.9459903137566552 0.07003127783536911 0.0096147945150733 0.9705188274383545
14 36.696436633579374 0.9471859042523093 0.04333046078681946 0.009855841286480427 0.9681143760681152
15 37.52899522179508 0.9509171350118902 0.07071378827095032 0.00900222361087799 0.9696140289306641
16 38.50116114690269 0.9683491598998333 0.0701533704996109 0.006451642140746117 0.9805550575256348
17 36.38356517370212 0.962936762056493 0.03944885730743408 0.010082817636430264 0.9669704437255859
18 36.07265033316693 0.9512832639623773 0.07038611173629761 0.010122646577656269 0.9695990085601807
19 33.19575690875386 0.9480322952357441 0.03119458444416523 0.011198512278497219 0.9705257415771484
20 38.33181713334561 0.9576080060981538 0.11696846038103104 0.00707544619217515 0.9834558963775635
21 37.17250691074101 0.9531481573044485 0.05650234967470169 0.010122664272785187 0.9691944122314453
22 32.96947086531008 0.9538506857320136 0.032280128449201584 0.010617688298225403 0.9716720581054688
23 32.19558025128587 0.9496521975441415 0.031937796622514725 0.010965175926685333 0.9727368354797363
24 36.942229658324216 0.9298084252831783 0.11096388846635818 0.00851535890251398 0.9835138320922852
25 32.342614464850115 0.9486829561528551 0.0307651087641716 0.010956894606351852 0.9646270275115967
26 33.15469399743705 0.9474212325409672 0.031118690967559814 0.011279371567070484 0.9664514064788818
27 33.50039438255605 0.9473142015594628 0.031073885038495064 0.011217718943953514 0.9700655937194824
28 36.40652122642502 0.914652932793951 0.1004829928278923 0.010796972550451756 0.9828739166259766
29 33.245739990630504 0.9472974841326384 0.030948584899306297 0.011282991617918015 0.9665179252624512
30 36.15214961973378 0.9314212895104327 0.07697343081235886 0.010733704082667828 0.9680640697479248
31 33.28340587854758 0.9490162856854899 0.031005602329969406 0.010989905335009098 0.9725923538208008
32 33.218985677834674 0.9472962109351745 0.031142788007855415 0.011249355971813202 0.9808008670806885
33 40.30652707100763 0.9542073359030917 0.1337093710899353 0.00509518152102828 0.9681398868560791
34 35.70044235615693 0.9297487658630593 0.03729818016290665 0.011129731312394142 0.9632768630981445
35 37.56411766394327 0.9629578597723006 0.04848967865109444 0.00839604064822197 0.9720549583435059
36 36.66930929987406 0.9389224269639795 0.06377986818552017 0.010518446564674377 0.9792487621307373
37 40.374670933278054 0.9374038788652194 0.3658481240272522 0.005815740209072828 0.968970775604248
38 39.04785450141216 0.9453531714617376 0.12139873206615448 0.006654329597949982 0.9674892425537109
39 38.87313493772014 0.9471768051181811 0.1185758113861084 0.006727948319166899 0.9701478481292725
[35.63706255016221, 0.9462922330180856, 0.06623296202160418, 0.010003666137345135, 0.9721822798252105]
testing ICVL_512_noniid..................
0 37.76766201633189 0.9571557432012638 0.05269952118396759 0.009177240543067455 0.9777584075927734
1 40.50692632346997 0.9723763882452623 0.06481475383043289 0.006333564408123493 0.9675960540771484
2 40.56640488753679 0.9734414555187041 0.0829593762755394 0.006209824699908495 0.9678740501403809
3 36.53724587136697 0.974595008922629 0.025041844695806503 0.007835493423044682 0.9709830284118652
4 36.79531123207865 0.9762965819237128 0.023901572450995445 0.007437915541231632 0.9807586669921875
5 36.203676128077724 0.9735374350044227 0.027754908427596092 0.009194927290081978 0.9670915603637695
6 42.64462163443266 0.9720993953333379 0.10949846357107162 0.004600503481924534 0.9685771465301514
7 40.17930103848584 0.9707746161187384 0.08585749566555023 0.005915188696235418 0.9717459678649902
8 37.07518863207939 0.9767185892553806 0.02428780123591423 0.007504784967750311 0.9826810359954834
9 36.192665099235136 0.9708642013223547 0.02627788856625557 0.008493399247527122 0.9691054821014404
10 35.84376608449413 0.973941067411628 0.02649385668337345 0.008271893486380577 0.9692425727844238
11 41.125448214382466 0.965113841154964 0.11350122839212418 0.005165800917893648 0.972095251083374
12 39.74683965810876 0.9703786174909923 0.06857283413410187 0.007209481671452522 0.9809367656707764
13 34.89483149524406 0.969374024041067 0.028417976573109627 0.008538748137652874 0.9692907333374023
14 37.37666466197215 0.9692443523147262 0.04110969603061676 0.008862284012138844 0.9681236743927002
15 35.98987409949824 0.9754812488648352 0.024908913299441338 0.0075489007867872715 0.973064661026001
16 35.979239269300486 0.9594501227580939 0.02837580069899559 0.009479918517172337 0.9811875820159912
17 36.401603843337874 0.9707603218069041 0.023186756297945976 0.007579223718494177 0.9714539051055908
18 36.261653160155944 0.9734033371844383 0.023677708581089973 0.007949681021273136 0.9696729183197021
19 37.461731029846526 0.9771523063957407 0.02543223835527897 0.007227503694593906 0.9743311405181885
20 36.26802383962243 0.9742088902265791 0.02591201290488243 0.007294642273336649 0.9836225509643555
21 40.20054545526218 0.967517538420787 0.07866460829973221 0.006563514471054077 0.9699151515960693
22 39.74643810436728 0.9718999047457955 0.07883681356906891 0.006695594172924757 0.9720830917358398
23 37.91442236789042 0.9646817515133608 0.043677497655153275 0.008527414873242378 0.9740848541259766
24 38.621680318303476 0.9678607393752566 0.053280092775821686 0.008074800483882427 0.9801135063171387
25 38.91953015318946 0.9656006082326732 0.07605291903018951 0.007772032171487808 0.9704623222351074
26 38.02861739548908 0.9722703824321336 0.0491781048476696 0.00859157182276249 0.9659762382507324
27 40.288260171764556 0.9690043111894024 0.06233654171228409 0.007042369339615107 0.9730784893035889
28 39.10038620628726 0.9715370627655318 0.04709252342581749 0.007910261861979961 0.9782040119171143
29 35.80016936964371 0.97396327999224 0.02430695854127407 0.007429350633174181 0.9692285060882568
30 38.984483458972726 0.9792791471063423 0.04630129784345627 0.007347103673964739 0.9666516780853271
31 39.29486867758075 0.9737026811818756 0.04756500944495201 0.007041851989924908 0.9725172519683838
32 37.0758061750041 0.9716641354017596 0.025440964847803116 0.008010496385395527 0.9793872833251953
33 37.555365992239075 0.9697422054769607 0.051950305700302124 0.008243807591497898 0.9702987670898438
34 35.81032276607625 0.9720097910174912 0.02672157995402813 0.008725077845156193 0.9683878421783447
35 41.92366157506581 0.9761688847742314 0.10637672990560532 0.005231264978647232 0.970923900604248
36 39.57835314352182 0.9692692632387697 0.04757973924279213 0.007331182714551687 0.9774830341339111
37 40.095123769025214 0.9613034485934416 0.09488583356142044 0.006742474157363176 0.9692468643188477
38 36.008486080948536 0.9731550957531061 0.03344235569238663 0.010641728527843952 0.9689757823944092
39 36.81877339573055 0.9741725694620088 0.024457508698105812 0.007684458512812853 0.9723813533782959
[38.089599319885515, 0.9710292586292237, 0.049270750815048815, 0.00758593191858381, 0.9726648271083832]
testing ICVL_512_deadline..................
0 37.69339175381861 0.9587121377640941 0.05792134627699852 0.009696200489997864 0.9749388694763184
1 39.46816411836767 0.9676921664000656 0.07255638390779495 0.0072699785232543945 0.9680593013763428
2 39.92429199642129 0.9670102431329696 0.09237266331911087 0.006758754141628742 0.9699819087982178
3 36.18683211620571 0.9546887206471114 0.030851058661937714 0.010829027742147446 0.9693574905395508
4 37.38024946907827 0.9695223063998348 0.026570871472358704 0.008779863826930523 0.9777286052703857
5 36.61914812810163 0.9672314198455008 0.031002385541796684 0.009743930771946907 0.9683322906494141
6 41.75518357890365 0.962650151959764 0.13177280128002167 0.005498551297932863 0.9691569805145264
7 40.48731537361062 0.9701405084420236 0.08720089495182037 0.005990098230540752 0.9704570770263672
8 36.614924297944825 0.960960535660062 0.02868754044175148 0.009862166829407215 0.9832296371459961
9 37.2388408543364 0.9662240854618543 0.027060292661190033 0.008767422288656235 0.9645617008209229
10 36.503820739574216 0.9670062169355189 0.031428784132003784 0.010101225227117538 0.9659502506256104
11 42.096668768952256 0.9691717824686069 0.11064840108156204 0.005075911991298199 0.973447322845459
12 40.08260403630008 0.9698141120604127 0.06905778497457504 0.007323542144149542 0.9808688163757324
13 36.94203835550502 0.9652421772912971 0.029908129945397377 0.009363359771668911 0.9710922241210938
14 37.10982764074391 0.9650056145625315 0.03876880928874016 0.009213664568960667 0.9693927764892578
15 36.40209161696853 0.9628964371061269 0.030143190175294876 0.009325917810201645 0.9734609127044678
16 36.58206922922314 0.9669807185554511 0.030956007540225983 0.010278649628162384 0.9832932949066162
17 37.69544522912611 0.9695480327238706 0.026076870039105415 0.0084296939894557 0.9707615375518799
18 37.00980626604822 0.9702880473533692 0.03181397169828415 0.009247410111129284 0.9698808193206787
19 36.88622354888342 0.9652571980772479 0.03024805337190628 0.009374072775244713 0.9720704555511475
20 35.76522820125834 0.9666257048083362 0.027240002527832985 0.008498682640492916 0.9847278594970703
21 40.32673966458466 0.9692233139045414 0.07449642568826675 0.006395394913852215 0.9691460132598877
22 39.83252422316983 0.9701138703237809 0.08045732229948044 0.00674014026299119 0.9693498611450195
23 37.36723337589304 0.9612790801614501 0.04904114827513695 0.01009384449571371 0.9734170436859131
24 38.07099254085743 0.9662382123105601 0.060065653175115585 0.009318657219409943 0.9802877902984619
25 38.41461625350084 0.9599505135331431 0.08053649216890335 0.008800671435892582 0.9692018032073975
26 37.18470047554378 0.963809233198487 0.048652298748493195 0.010041840374469757 0.9689502716064453
27 39.737082798767 0.963840205720797 0.06193428859114647 0.007672260515391827 0.9722881317138672
28 38.89236520201981 0.9681785193317994 0.048713892698287964 0.008483108133077621 0.9779300689697266
29 37.51262594199431 0.9729536013631274 0.026872064918279648 0.008698578923940659 0.9658632278442383
30 38.06124220943614 0.9769587855215779 0.05185161158442497 0.008541909046471119 0.9701461791992188
31 39.1286333336907 0.973037722994389 0.051802124828100204 0.007282232400029898 0.970893383026123
32 36.632982227070464 0.9701114864560386 0.027393491938710213 0.008864419534802437 0.9795975685119629
33 36.28181445828036 0.9553910732017874 0.06457404792308807 0.010658016428351402 0.9690392017364502
34 35.94688997871768 0.9500011243103702 0.029168369248509407 0.01027667336165905 0.9641513824462891
35 41.737583685129195 0.9707464153240932 0.11569368094205856 0.005347106605768204 0.9703750610351562
36 38.98942447688429 0.9694844850469875 0.04814551770687103 0.007369609083980322 0.9799716472625732
37 39.58563116431386 0.9600555354366288 0.10309982299804688 0.007169849239289761 0.9682064056396484
38 36.38784540044348 0.9724372560287871 0.027173170819878578 0.011070341803133488 0.9665970802307129
39 36.36190444785826 0.9635628004135636 0.027133168652653694 0.009498365223407745 0.9722802639007568
[38.072424929438185, 0.9660010388059492, 0.052977270912379026, 0.008543778595048934, 0.9722110629081726]
testing ICVL_512_impulse..................
0 36.815373537452466 0.9178275014280622 0.08564278483390808 0.011073186993598938 0.976945161819458
1 37.54143637879543 0.9077448026390249 0.16762427985668182 0.011009171605110168 0.9652059078216553
2 36.82009858627155 0.8049096077279989 0.2382766753435135 0.011313814669847488 0.9671709537506104
3 37.39883837391726 0.9601058239724727 0.03168651834130287 0.009353461675345898 0.9715259075164795
4 36.91011011233284 0.9531582710298288 0.03599100932478905 0.009664664976298809 0.9792354106903076
5 36.937984176409245 0.9642527333520476 0.03226692974567413 0.009201422333717346 0.966895580291748
6 41.370588473540394 0.9330886355558218 0.28316399455070496 0.006535401102155447 0.9696288108825684
7 39.17411974869893 0.9314297569276093 0.20157961547374725 0.008386732079088688 0.9722979068756104
8 37.182199420047226 0.9684156456565675 0.032841071486473083 0.009189130738377571 0.9811158180236816
9 37.17768775996434 0.9609308971014021 0.032289329916238785 0.009393896907567978 0.9714300632476807
10 36.17221397251432 0.9538217653226891 0.03644377738237381 0.01057750079780817 0.9704515933990479
11 39.98416455044254 0.9101688437788858 0.29036450386047363 0.00830474216490984 0.9743714332580566
12 38.58408607522778 0.9004212063356214 0.1299053579568863 0.009630834683775902 0.9813356399536133
13 37.51813602808274 0.9598169618733631 0.029280416667461395 0.008837138302624226 0.9658982753753662
14 36.3596715665348 0.9363575018114001 0.06857845187187195 0.011791534721851349 0.968193531036377
15 37.49821558395685 0.962748030295033 0.03562525287270546 0.009467747993767262 0.9740040302276611
16 36.44116060321965 0.9542266361598924 0.037502471357584 0.010771161876618862 0.9760663509368896
17 35.688218151413444 0.9432704165464258 0.0392315536737442 0.011128867045044899 0.9677128791809082
18 37.29591246049297 0.9679629805426797 0.03419419378042221 0.009288167580962181 0.9705941677093506
19 35.67415747051516 0.960783101842962 0.05946984142065048 0.012240378186106682 0.9705471992492676
20 37.475169108121214 0.9674697372355172 0.037229984998703 0.009476281702518463 0.9803597927093506
21 38.42564998064983 0.8525941818229055 0.21841846406459808 0.010002212598919868 0.9673585891723633
22 37.901970596713056 0.9024748421579439 0.20880042016506195 0.010421693325042725 0.9685003757476807
23 36.62241270740492 0.9322476045052706 0.07292557507753372 0.011335243470966816 0.9742321968078613
24 37.31623767687868 0.942958216014573 0.10534374415874481 0.01069875992834568 0.9805006980895996
25 37.85139517905252 0.942275484711224 0.13451863825321198 0.01052229292690754 0.9692184925079346
26 36.68303838309053 0.9303750850296552 0.07669577747583389 0.011381001211702824 0.9667925834655762
27 38.82909717814089 0.9278190670333908 0.10966137796640396 0.00936158373951912 0.9708297252655029
28 38.22600098395868 0.9669619411393056 0.0641232505440712 0.009376644156873226 0.9795775413513184
29 37.74693042488186 0.9686564884533614 0.03505168482661247 0.00896549690514803 0.969144344329834
30 37.556199835214876 0.9612824596779117 0.08303580433130264 0.0102735236287117 0.9673304557800293
31 37.58039952632037 0.9130446804406604 0.08277646452188492 0.009736212901771069 0.9714248180389404
32 36.25663598214206 0.960452317737182 0.03975764662027359 0.010594992898404598 0.978524923324585
33 35.01814972946819 0.8716854354560696 0.12455259263515472 0.013772218488156796 0.9688315391540527
34 36.30164706866035 0.9642484999224129 0.03398486226797104 0.009577435441315174 0.9681797027587891
35 38.69082174955934 0.892078108520115 0.3431705832481384 0.009512891061604023 0.969865083694458
36 37.976941947551765 0.9072322564199312 0.10536802560091019 0.010268437676131725 0.9780082702636719
37 36.53669334811296 0.855170409819263 0.29830580949783325 0.011752236634492874 0.9691958427429199
38 36.62225240391341 0.9685531192927388 0.03475235402584076 0.011572943069040775 0.9678323268890381
39 37.225607924818135 0.9663706756598838 0.03398715704679489 0.009215512312948704 0.9742248058319092
[37.384690619112085, 0.9336347932737278, 0.10361045617610216, 0.010124414262827485, 0.9720139682292939]
testing ICVL_512_stripe..................
0 38.42561536511029 0.9689455435291054 0.04963090270757675 0.008055420592427254 0.976569414138794
1 40.47083717414882 0.9697846259382212 0.06937997043132782 0.00639934791252017 0.9719545841217041
2 39.726447636491876 0.9671201163781457 0.09861624240875244 0.006957449484616518 0.9695019721984863
3 36.54079507644018 0.9705168740639207 0.02805127017199993 0.00896316859871149 0.9715771675109863
4 36.90794241971167 0.9732401299584629 0.02472570165991783 0.00796161126345396 0.982628583908081
5 36.38990235698481 0.9735081921759395 0.02609708532691002 0.008330797776579857 0.9675347805023193
6 42.978117216797806 0.9728367513556677 0.11879970133304596 0.004763665143400431 0.9688353538513184
7 40.12522440435949 0.974055851992363 0.081723153591156 0.005707636941224337 0.972761869430542
8 36.64468531146867 0.9668637465384464 0.026758044958114624 0.008977722376585007 0.9803910255432129
9 36.906406475549794 0.9707043760728352 0.02607456035912037 0.00851154699921608 0.970698356628418
10 35.95508643477014 0.9740748357095654 0.024180099368095398 0.008406877517700195 0.9695687294006348
11 41.657360878813755 0.9668525938609663 0.10398434102535248 0.005463839508593082 0.9724254608154297
12 40.03808021114499 0.9696892805994647 0.07111132144927979 0.007285209372639656 0.9819004535675049
13 36.34001396565967 0.9717291670628415 0.025570031255483627 0.008183698169887066 0.9704949855804443
14 37.655184414276455 0.9682251954254665 0.03967638313770294 0.008554195985198021 0.971294641494751
15 36.53011546318769 0.9740837254749912 0.025966590270400047 0.008273379877209663 0.9725198745727539
16 36.49276773301382 0.9708283626186147 0.024516837671399117 0.008117632940411568 0.981560230255127
17 36.55113884411475 0.9684890281442629 0.026991868391633034 0.008435123600065708 0.9646787643432617
18 35.23898960327736 0.9632894197761415 0.025238201022148132 0.009493812918663025 0.9708538055419922
19 37.20026121242622 0.9756215238448601 0.028120074421167374 0.008075756952166557 0.9729721546173096
20 33.74760223273491 0.9735572675386484 0.030248207971453667 0.008419009856879711 0.976151704788208
21 39.79272915056378 0.9633358527770131 0.08044937998056412 0.006824381649494171 0.9701156616210938
22 39.665283758627375 0.9698829681582823 0.07457567751407623 0.006829043850302696 0.9674015045166016
23 37.81716517026468 0.9610033898148427 0.04705299437046051 0.009117201901972294 0.9691257476806641
24 37.96321619528153 0.9618537615373143 0.06322946399450302 0.008922411128878593 0.9780750274658203
25 38.959492220670235 0.96460317219609 0.07757338136434555 0.008146916516125202 0.9671251773834229
26 37.52302899201596 0.9664093605962768 0.04799669235944748 0.009168173186480999 0.9691922664642334
27 40.12807506823993 0.965580090716025 0.06404299288988113 0.007415872998535633 0.9726057052612305
28 39.18733659019486 0.9766551396463904 0.04539085179567337 0.007657890673726797 0.9823956489562988
29 35.74366322123076 0.9722794673255069 0.03057091496884823 0.008555406704545021 0.9676859378814697
30 38.4391286191555 0.9750747281068906 0.04902859777212143 0.007910523563623428 0.967275857925415
31 39.11652180899356 0.9733540252432132 0.0605594702064991 0.0073917824774980545 0.9714670181274414
32 37.08240655361914 0.9755443063800876 0.024605413898825645 0.007345179561525583 0.9789659976959229
33 37.59729301177613 0.9666808041768377 0.05889560282230377 0.008876068517565727 0.9699585437774658
34 35.70575364659833 0.9725936164891527 0.025154009461402893 0.00844303984194994 0.9674699306488037
35 41.192979270550246 0.97144697447001 0.11670675873756409 0.005722262896597385 0.9690887928009033
36 39.542462062005015 0.9728884334830643 0.04499426111578941 0.007023234385997057 0.9771106243133545
37 40.08471282352839 0.9659839857862446 0.09422251582145691 0.006434776820242405 0.9693624973297119
38 36.206904338817594 0.9711475640777868 0.030680103227496147 0.010601145215332508 0.9697873592376709
39 36.4446745388875 0.9686666440432767 0.026339085772633553 0.009172189049422741 0.9692578315734863
[38.017885036787604, 0.9699750223270808, 0.05093821892514825, 0.00787236011819914, 0.9722585260868073]
testing ICVL_512_mixture..................
0 35.56148043256718 0.8960401333135763 0.10186702013015747 0.013431237079203129 0.9809403419494629
1 37.22557242068918 0.9165410278333634 0.1629493236541748 0.01111981738358736 0.9709806442260742
2 36.49923172536234 0.8321199162129882 0.23719215393066406 0.011863705702126026 0.9710464477539062
3 35.46253056180962 0.9381624413642351 0.04785418510437012 0.01287892647087574 0.9767904281616211
4 35.281096917880525 0.933351057605504 0.04073931276798248 0.011687996797263622 0.9793896675109863
5 35.01015277598365 0.9345085169395596 0.048130907118320465 0.013054676353931427 0.9709765911102295
6 39.61492968936771 0.8995141630924511 0.3314553201198578 0.008092240430414677 0.9722270965576172
7 39.1351124363819 0.9283693856973313 0.19894926249980927 0.008479377254843712 0.9879367351531982
8 35.323942589995596 0.9430454666509976 0.04433237016201019 0.013095050118863583 0.9825193881988525
9 35.99783642170409 0.9436531151075457 0.04093404859304428 0.011777671985328197 0.9838299751281738
10 35.59324583937012 0.9297450505055437 0.0409349761903286 0.0121284369379282 0.9857172966003418
11 39.209483160383286 0.8658561084864747 0.35345518589019775 0.009042104706168175 0.9832675457000732
12 34.54048540464857 0.8920611263334286 0.15926773846149445 0.015321855433285236 0.9997603893280029
13 36.01171894410864 0.947663770297698 0.046603765338659286 0.012290548533201218 0.972053050994873
14 34.74518204086403 0.9092867656512497 0.0754881426692009 0.01403831597417593 0.9769446849822998
15 36.38016392286639 0.9494552555617375 0.04766054451465607 0.011929971165955067 0.9859037399291992
16 35.80196510507946 0.9413389838074586 0.0407392717897892 0.011847754009068012 0.9938585758209229
17 34.84719554067662 0.9260005459645797 0.0519663468003273 0.013615128584206104 0.9749479293823242
18 34.95750060923315 0.9451262224479794 0.036139070987701416 0.011916750110685825 0.9732182025909424
19 35.37257852827043 0.9428063450389675 0.04338190704584122 0.012109966948628426 0.9855155944824219
20 35.425221031109444 0.9520395239674649 0.040730394423007965 0.011226385831832886 0.9812805652618408
21 37.8761922513627 0.8709795877728376 0.20298118889331818 0.010501242242753506 0.9889202117919922
22 38.14902556375717 0.9352549675450783 0.17154081165790558 0.010053369216620922 0.9666750431060791
23 34.689632347962046 0.8928167071535072 0.07649499922990799 0.015023957937955856 0.9782869815826416
24 35.647376454860215 0.9250768262391917 0.10427219420671463 0.01281790528446436 0.9785854816436768
25 34.68125745524269 0.8924285175718881 0.14511311054229736 0.0140372971072793 0.9759182929992676
26 34.59891073927543 0.8998705870915564 0.08796493709087372 0.014637564308941364 0.9704318046569824
27 37.695653902977114 0.9217231060203052 0.1428094506263733 0.011019270867109299 0.9723317623138428
28 37.164341465589075 0.9567417856977564 0.06824465841054916 0.010615119710564613 0.986802339553833
29 36.38940089612692 0.9531683261940708 0.037001509219408035 0.009812187403440475 0.9730069637298584
30 35.356499537152466 0.8919748519534098 0.10908424854278564 0.013385568745434284 0.9680562019348145
31 36.65049303197262 0.9407660812153842 0.09679248929023743 0.011685642413794994 0.9724183082580566
32 34.9570708271918 0.9434721169857613 0.04687565937638283 0.012846129015088081 0.9801967144012451
33 35.32209814991109 0.9339672843234785 0.11119053512811661 0.013138101436197758 0.9665658473968506
34 35.05229003617833 0.945429606602606 0.038557011634111404 0.0121885035187006 0.9675579071044922
35 37.96857742106637 0.8807144661328549 0.3306293189525604 0.009973428212106228 0.9712939262390137
36 35.84007412799146 0.9105245731111727 0.1034274473786354 0.012739519588649273 0.977532148361206
37 36.515795377118515 0.8815561735866991 0.2535151243209839 0.011723154224455357 0.9696829319000244
38 34.91050035935875 0.9535146199603295 0.03840206190943718 0.01390589214861393 0.9674677848815918
39 34.5874511232145 0.9325535247425562 0.046379778534173965 0.014159933663904667 0.973987340927124
[36.05123167916655, 0.9207304657945146, 0.1100511945784092, 0.012130292621441186, 0.9773705720901489]
