testing ICVL_512_70..................
0 34.06950965976881 0.8858863042855687 0.10888548195362091 0.01803412474691868 1.2208752632141113
1 35.2409486588217 0.904676791907456 0.11202128231525421 0.016191868111491203 0.04266071319580078
2 35.7309872701603 0.9439051549794795 0.07432757318019867 0.013845152221620083 0.04497718811035156
3 38.257053852826324 0.8938740922013048 0.19823677837848663 0.012505502440035343 0.04287266731262207
4 36.607760949379 0.9797172144202337 0.032987453043460846 0.012695437297224998 0.04311966896057129
5 36.132481893715166 0.978758924458849 0.03955117240548134 0.013109326362609863 0.0426483154296875
6 33.99071201303163 0.9137267876534606 0.09837112575769424 0.01876077987253666 0.04314589500427246
7 34.69013046641847 0.8757896482122793 0.14910368621349335 0.01755313202738762 0.044043540954589844
8 36.74406656429352 0.9798741481579287 0.03261973708868027 0.012499134056270123 0.04285836219787598
9 33.57736858855693 0.9062689460986286 0.14075487852096558 0.018987396731972694 0.04337882995605469
10 34.22937149785177 0.9216630774070215 0.10045834630727768 0.017723610624670982 0.04256415367126465
11 35.27229756116864 0.8566904720879301 0.1534615308046341 0.01570039615035057 0.044646263122558594
12 36.08014291429752 0.977873593537376 0.03628477826714516 0.013632266782224178 0.03224778175354004
13 34.53876871157182 0.9614795108142986 0.06923653930425644 0.016852518543601036 0.03318190574645996
14 34.59795027860894 0.9698492424117383 0.054053716361522675 0.01493744645267725 0.03187227249145508
15 36.668900138926865 0.9793186959251965 0.0319688580930233 0.012545912526547909 0.031958818435668945
16 35.602582205419715 0.9445182502598354 0.05108753591775894 0.015896784141659737 0.03242349624633789
17 33.761076167294824 0.9455232528859345 0.09465201199054718 0.017779145389795303 0.031940460205078125
18 36.34691226099472 0.9789269604585662 0.03367225453257561 0.01311414409428835 0.03374028205871582
19 36.38988802417434 0.9791897411873586 0.03416723385453224 0.01315218023955822 0.032161712646484375
20 36.62128623731798 0.9797359682372152 0.03277399018406868 0.012683908455073833 0.03321194648742676
21 36.25889640427402 0.9787836165447186 0.03499337285757065 0.013245992362499237 0.0323481559753418
22 35.960992194726884 0.9797041656495736 0.03786785900592804 0.013536675833165646 0.0337066650390625
23 34.595646934027855 0.9466595519292207 0.06922753900289536 0.016662634909152985 0.032044172286987305
24 36.033769789897995 0.9777182469509546 0.035932812839746475 0.013649147935211658 0.03259992599487305
25 38.94219261659356 0.8926715372007414 0.42581284046173096 0.009745903313159943 0.03207206726074219
26 36.18240893613274 0.9362258857280809 0.11252620816230774 0.014117514714598656 0.031879425048828125
27 30.083913585983783 0.9127459942163586 0.9013091325759888 0.016929171979427338 0.03225445747375488
28 36.499085127255555 0.9790473334556782 0.03263259679079056 0.012804461643099785 0.03208565711975098
29 33.32234224744617 0.9640658541746051 0.04925820976495743 0.018878281116485596 0.03217124938964844
30 35.6473342420585 0.9000431343173461 0.1044912189245224 0.016670387238264084 0.03319573402404785
31 35.293849463067446 0.9397028148077737 0.09226447343826294 0.01609557867050171 0.03209853172302246
32 36.57357779312629 0.9797608355193266 0.03227582946419716 0.012727529741823673 0.0319828987121582
33 34.22830408678235 0.9610425511363146 0.062420282512903214 0.016854388639330864 0.0336763858795166
34 34.19057186723487 0.9626617021729565 0.0527113676071167 0.017182404175400734 0.03200531005859375
35 34.82626210827977 0.9604426085954798 0.044098611921072006 0.015906430780887604 0.0319063663482666
36 36.60520540111222 0.9794757062768585 0.03245314210653305 0.012654788792133331 0.03280019760131836
37 34.46919569433168 0.9546928418149556 0.0538562647998333 0.016399288550019264 0.03276705741882324
38 33.14105492208114 0.964933187967028 0.043490540236234665 0.018509745597839355 0.03325653076171875
39 36.46728649717999 0.8992500656439036 0.20167070627212524 0.012523285113275051 0.033594608306884766
[35.3618021456548, 0.9456718602922383, 0.10244922433048487, 0.01508234445936978, 0.06522437334060668]
testing ICVL_512_50..................
0 40.73252442694334 0.981208748553572 0.08670452982187271 0.007256969343870878 0.0320281982421875
1 40.34357862045043 0.9845581913616966 0.07011877000331879 0.007572047878056765 0.03189253807067871
2 39.60044862309285 0.9813698341254034 0.04860030487179756 0.008257194422185421 0.03220510482788086
3 42.58044934682585 0.9796346899878996 0.10162395238876343 0.00600676191970706 0.032125234603881836
4 40.26879726973021 0.9874316557355037 0.024125201627612114 0.008004154078662395 0.03253769874572754
5 39.97516805832806 0.9872146141582078 0.02792501077055931 0.008162609301507473 0.031920433044433594
6 39.91899395402091 0.982423882310879 0.06330284476280212 0.008160712197422981 0.03193187713623047
7 40.96852203959094 0.9760337678242306 0.09976676106452942 0.00759862270206213 0.03188967704772949
8 40.2015767520192 0.9874541993809454 0.024602659046649933 0.008094722405076027 0.0329434871673584
9 38.03676824946265 0.9678373721174107 0.09433378279209137 0.009929312393069267 0.03188490867614746
10 38.788952973895604 0.9766024913834245 0.06353352963924408 0.009229759685695171 0.0386807918548584
11 41.51324875865586 0.984364509549488 0.10068215429782867 0.006188424304127693 0.03980398178100586
12 39.9804291696515 0.9869971667476561 0.02890591137111187 0.008421584032475948 0.038870811462402344
13 40.13560711993885 0.9870694741711055 0.04695964232087135 0.007376368157565594 0.03881049156188965
14 38.417381986397736 0.9869155756026844 0.04290435090661049 0.008951050229370594 0.038947105407714844
15 40.24487622298276 0.9873843877008943 0.024152154102921486 0.008053254336118698 0.0540463924407959
16 40.71990157264765 0.9862713433077653 0.03500055894255638 0.007811256684362888 0.05200695991516113
17 37.22477412839044 0.9790211061408299 0.08267421275377274 0.010821382515132427 0.052068471908569336
18 40.064091921800895 0.9872745651307784 0.02696479670703411 0.008312170393764973 0.052149057388305664
19 40.06231930025129 0.9872472929007015 0.027237066999077797 0.008293995633721352 0.05625414848327637
20 40.26066923355374 0.9874606782857415 0.024086844176054 0.008008694276213646 0.052199363708496094
21 39.89215909080639 0.9870157180974035 0.028657767921686172 0.008480359800159931 0.05221247673034668
22 40.1075115775923 0.9881321452890318 0.02741112746298313 0.007970573380589485 0.05215811729431152
23 39.220079602707756 0.9847345217634739 0.04631622135639191 0.008958038873970509 0.0562739372253418
24 39.93102429102816 0.9870221174884733 0.030204197391867638 0.008516563102602959 0.05630040168762207
25 44.80808088963684 0.9860371917000427 0.11288134753704071 0.00421071145683527 0.056188344955444336
26 42.489219126203025 0.987338960025658 0.07110435515642166 0.005868373904377222 0.055596351623535156
27 31.005467701206125 0.9544173855196596 0.3452983498573303 0.013841633684933186 0.0520932674407959
28 40.0702490022867 0.9874162293870795 0.0252987090498209 0.008163290098309517 0.05617403984069824
29 37.46442291692334 0.9816307342168732 0.0361514538526535 0.010916423052549362 0.05213499069213867
30 40.80712660946106 0.9813231415286141 0.06616567820310593 0.00747291324660182 0.051996707916259766
31 39.96940733356821 0.9824841553560603 0.06060606986284256 0.0082860654219985 0.05586123466491699
32 40.213241193961196 0.9874279055482909 0.024743666872382164 0.008089720271527767 0.052286624908447266
33 38.54484659278556 0.9828094313411231 0.046513915061950684 0.009466291405260563 0.052179574966430664
34 38.31570203066344 0.9815839573201963 0.038579169660806656 0.009687615558505058 0.05215620994567871
35 38.808492106146595 0.9785609835564969 0.0328817181289196 0.009217844344675541 0.052133798599243164
36 40.221879897276274 0.9874764254391042 0.02436303347349167 0.008049719966948032 0.05318021774291992
37 37.96602545621471 0.9769162257742215 0.04271349683403969 0.010608881711959839 0.053362131118774414
38 37.281021471487655 0.9772386230564467 0.031331367790699005 0.0112422164529562 0.056232452392578125
39 42.6264131199936 0.9829061025024098 0.09303361177444458 0.00562115665525198 0.05204033851623535
[39.744536243464495, 0.982856187534687, 0.058211507415398954, 0.008379485982004553, 0.04639394879341126]
testing ICVL_512_30..................
0 42.501566392238004 0.9871432291567046 0.0790712982416153 0.006057343911379576 0.05249452590942383
1 42.048463348632595 0.9891190081687872 0.06624272465705872 0.006300799082964659 0.05610346794128418
2 41.02417762139265 0.9860678085962994 0.04574698954820633 0.007054641377180815 0.05211138725280762
3 44.43865650089127 0.986371586090375 0.09153429418802261 0.004916403442621231 0.0521235466003418
4 41.83452083969578 0.991035041840473 0.020097512751817703 0.0065397704020142555 0.05201244354248047
5 41.13938328431657 0.990176302763195 0.024597110226750374 0.007085866294801235 0.054804325103759766
6 41.353844476312624 0.9875292535879532 0.05648355185985565 0.00680844159796834 0.03967618942260742
7 42.78740411679649 0.9846919873323098 0.08374229073524475 0.006154276430606842 0.03881669044494629
8 41.81585667202581 0.9911957330276546 0.020331725478172302 0.006577084306627512 0.03889894485473633
9 40.03209678011489 0.9790482790003406 0.08042019605636597 0.00798152107745409 0.04022097587585449
10 40.64236969980789 0.9841761110845827 0.058446865528821945 0.007481598760932684 0.03884172439575195
11 43.340611525880306 0.9893572367469424 0.09452171623706818 0.005170258227735758 0.040142059326171875
12 41.74778377761423 0.9910198894329573 0.022400936111807823 0.006665002554655075 0.0318598747253418
13 40.16744681570361 0.9899751714086552 0.04488782212138176 0.007185235153883696 0.031771183013916016
14 39.88273504030254 0.9902449202016087 0.0393059067428112 0.007538200356066227 0.03176474571228027
15 41.76220431030377 0.9910705232536071 0.020307399332523346 0.006615001708269119 0.031709909439086914
16 42.68432065796436 0.9906359466131837 0.0310002863407135 0.006312043406069279 0.0318453311920166
17 37.89910421483423 0.9825290513291366 0.0805952325463295 0.009985988959670067 0.03414130210876465
18 41.74840098195641 0.9909570887330762 0.02084950916469097 0.0066199107095599174 0.033962249755859375
19 41.8108791154814 0.9910736236817413 0.021295906975865364 0.0065884338691830635 0.034006595611572266
20 41.791972312226385 0.9909519879833962 0.02006673440337181 0.006546192802488804 0.03499937057495117
21 41.584937495184455 0.9909722655736846 0.02214999869465828 0.006704539060592651 0.051264047622680664
22 41.56946235097034 0.9912554493167537 0.021684857085347176 0.006539202760905027 0.05587029457092285
23 40.684325010599 0.9894473906429171 0.0420173741877079 0.007493412587791681 0.05217266082763672
24 41.67925361494549 0.9909859458308767 0.023762229830026627 0.006779941264539957 0.052660226821899414
25 46.33616573100811 0.9898368031701343 0.11820510774850845 0.0036290206480771303 0.055767059326171875
26 44.13469487409564 0.9906674249155636 0.06760745495557785 0.004930632654577494 0.05198264122009277
27 31.824062522561075 0.9528471344339607 0.3777412474155426 0.013076993636786938 0.05202603340148926
28 41.69812612239667 0.9910393862727923 0.02065093070268631 0.006617562845349312 0.05230259895324707
29 39.23230488230401 0.9880704397404988 0.032375164330005646 0.008944768458604813 0.05386018753051758
30 43.06709847175197 0.9886549810408378 0.05962014198303223 0.005840810015797615 0.05457949638366699
31 41.116623002707385 0.9870391858451761 0.05626732110977173 0.007123763207346201 0.0519711971282959
32 41.827929327922845 0.9910512978840603 0.02022952027618885 0.006563511211425066 0.05203437805175781
33 39.96588442529926 0.9883034875011575 0.04157904535531998 0.007934356108307838 0.038648128509521484
34 39.928695215932024 0.9874077411285785 0.034157395362854004 0.007997469045221806 0.038645029067993164
35 40.41021183107792 0.9852380653516987 0.030048595741391182 0.007549414411187172 0.03859353065490723
36 41.843408497114346 0.9910013172895531 0.01970803178846836 0.006521770730614662 0.04029083251953125
37 38.98251903703389 0.982361257889821 0.04045245423913002 0.009377723559737206 0.04084372520446777
38 39.00979968125798 0.9841463141601625 0.02677917294204235 0.009148772805929184 0.040291786193847656
39 44.44762155044763 0.9878703187698491 0.08453217148780823 0.004440227523446083 0.03871417045593262
[41.29492305322755, 0.9875641496697766, 0.05403785561211407, 0.006984947674209252, 0.044120621681213376]
testing ICVL_512_blind..................
0 40.76975492710247 0.9814403082897731 0.08716362714767456 0.007240017410367727 0.038666725158691406
1 41.009895375185145 0.9865522609693241 0.06796803325414658 0.00705488258972764 0.038687705993652344
2 18.136099635720726 0.6164799925710047 0.3477209508419037 0.07201777398586273 0.03885936737060547
3 38.768580623310484 0.9093273197677846 0.177926167845726 0.011588532477617264 0.038886308670043945
4 40.403650920502265 0.9877441462246653 0.023615995422005653 0.007862771861255169 0.0395660400390625
5 41.19094313379998 0.9901840188076119 0.024491744115948677 0.00704849511384964 0.03875160217285156
6 41.03853067040701 0.9863980402624383 0.0578252449631691 0.007112739607691765 0.03887438774108887
7 42.19414215166353 0.9820400142929402 0.0879034474492073 0.006637727376073599 0.03871750831604004
8 41.6818410008997 0.9910333406404361 0.021229436621069908 0.006665223743766546 0.03876304626464844
9 39.33729087755775 0.9755524391374897 0.08376219123601913 0.008628287352621555 0.038713693618774414
10 38.196276608138525 0.9735643327277003 0.06769721955060959 0.009824506007134914 0.03960871696472168
11 38.81499672286867 0.956830380215686 0.11935854703187943 0.009092911146581173 0.039249420166015625
12 34.9479898787016 0.9762751010402634 0.053898535668849945 0.016468944028019905 0.03803396224975586
13 40.4156609670292 0.9887182954345329 0.04552963376045227 0.0071133882738649845 0.03952527046203613
14 38.80334052296192 0.98779626215436 0.04141995310783386 0.008546723052859306 0.03336596488952637
15 29.86032134858379 0.9245798638728866 0.10116782784461975 0.027482500299811363 0.03823542594909668
16 40.21366665529387 0.984560415677792 0.03682592883706093 0.008251714520156384 0.039171457290649414
17 37.604573793888456 0.9810465218081484 0.08208336681127548 0.01035319734364748 0.03338360786437988
18 36.90142624638368 0.9803715837436731 0.033497679978609085 0.012259178794920444 0.03218364715576172
19 36.62072763263286 0.9799233683931563 0.03430590778589249 0.012769060209393501 0.04278874397277832
20 41.802041179684586 0.991104336740331 0.020164228975772858 0.006537269800901413 0.03212690353393555
21 41.36357920712438 0.9904566057707676 0.023099424317479134 0.006965223234146833 0.04313802719116211
22 41.489640977261864 0.9910638549227238 0.022038741037249565 0.006623716093599796 0.032335758209228516
23 36.8161592053229 0.9709959091161596 0.0586361363530159 0.012431266717612743 0.033007144927978516
24 41.296720748960766 0.9902933613252571 0.025874063372612 0.0072075375355780125 0.032355546951293945
25 40.20578113556431 0.9232644166065742 0.2823594808578491 0.008123232051730156 0.03234529495239258
26 42.08840678633206 0.986540017156723 0.07319772243499756 0.006032445002347231 0.033387184143066406
27 30.275125394448402 0.9261296804543531 0.6632518172264099 0.016158852726221085 0.03545236587524414
28 39.97505046832698 0.987049410094139 0.02548794262111187 0.008275875821709633 0.03265833854675293
29 38.64172968458776 0.9861748869574171 0.03376256674528122 0.009586348198354244 0.03565669059753418
30 40.13356088885841 0.9777612646873739 0.07237453013658524 0.008215163834393024 0.03297305107116699
31 41.162697391178355 0.9872316254485327 0.05598384886980057 0.00706457206979394 0.03537726402282715
32 40.924348122069055 0.9890551300003142 0.022713493555784225 0.007418925408273935 0.03229713439941406
33 38.33888950587812 0.9842748603972986 0.05301661789417267 0.00981261394917965 0.032330989837646484
34 38.3264774872745 0.9815798234663521 0.038300417363643646 0.00964302383363247 0.03236055374145508
35 38.40450860604276 0.976851710490381 0.033396631479263306 0.00963853020220995 0.03407025337219238
36 41.75891030395895 0.9911726240901134 0.02075272798538208 0.0065805320627987385 0.032207489013671875
37 38.96463819890764 0.9824038689435205 0.040618930011987686 0.009400390088558197 0.03230404853820801
38 33.994739197007135 0.9688694358983151 0.0631352961063385 0.014349509961903095 0.03232240676879883
39 43.67088554165965 0.9865388822512794 0.08372583240270615 0.004932406358420849 0.03224468231201172
[38.66358999307701, 0.9677307427712398, 0.08268204722553492, 0.010975400253664702, 0.035874593257904056]
testing ICVL_512_stripe..................
0 41.076122376162985 0.990500580882849 0.028797820210456848 0.007631039712578058 0.032360076904296875
1 41.711628906441426 0.9915183402815471 0.02382023259997368 0.006822883617132902 0.03245878219604492
2 41.928021677558455 0.9854278193081731 0.07085242867469788 0.006566643714904785 0.03694319725036621
3 39.98194731239496 0.9850002520912992 0.04986779764294624 0.008271714672446251 0.03525495529174805
4 41.95440697997728 0.9863639328846305 0.079862080514431 0.006250101141631603 0.03299283981323242
5 40.98841282556756 0.9905107416744803 0.02909994125366211 0.007814533077180386 0.03380131721496582
6 40.98973510465681 0.9899898523905832 0.02557939849793911 0.007574905641376972 0.03395199775695801
7 39.32784194535458 0.9861359001367871 0.04005486145615578 0.008572903461754322 0.032953500747680664
8 40.56098105751732 0.9874572183266174 0.045349784195423126 0.008668271824717522 0.034128665924072266
9 38.287704127485206 0.9869354263239094 0.031375184655189514 0.010623627342283726 0.03269481658935547
10 40.96401633437428 0.9902583410232557 0.046739451587200165 0.007522524334490299 0.03549838066101074
11 39.984861627322445 0.9907430630577918 0.03219551965594292 0.007701758295297623 0.04401683807373047
12 39.39979347404624 0.9872504111702903 0.04591941460967064 0.008857866749167442 0.03432297706604004
13 41.56423760859347 0.9876660905446354 0.07011092454195023 0.006877012550830841 0.03251194953918457
14 40.929997204786204 0.9863656723802442 0.08726872503757477 0.006784792523831129 0.03212475776672363
15 43.1503374178419 0.9858604935612238 0.12014659494161606 0.005587478633970022 0.032588958740234375
16 40.041530878125926 0.9827793647816774 0.07173774391412735 0.008268863894045353 0.0335390567779541
17 40.64338190928744 0.9865425899764783 0.0433623231947422 0.007562796585261822 0.032509565353393555
18 41.634769228775966 0.991354078341294 0.023420177400112152 0.006916639395058155 0.033560991287231445
19 42.45790785188944 0.9884753490270712 0.06207128241658211 0.0062606013379991055 0.03214383125305176
20 41.703305751802866 0.989159568125246 0.04478616267442703 0.006792438216507435 0.0323183536529541
21 42.52848327988105 0.992627288389614 0.022355854511260986 0.0063299150206148624 0.03238344192504883
22 41.05128954467365 0.9899777049641736 0.048002298921346664 0.007216510828584433 0.03284144401550293
23 37.899028911057776 0.9859428708575679 0.05928158760070801 0.009679578244686127 0.03228044509887695
24 43.20629600455529 0.986325163846081 0.08110019564628601 0.0053191883489489555 0.03228425979614258
25 41.91970967602874 0.9921820625434293 0.027787942439317703 0.007000079844146967 0.0322110652923584
26 42.26350160545964 0.9924970116660679 0.02213866263628006 0.006461466662585735 0.03210759162902832
27 41.45155343481162 0.9867257883739161 0.06010908633470535 0.007024712860584259 0.03262019157409668
28 42.48114126077343 0.9925467466548634 0.02127443440258503 0.0062263961881399155 0.03223848342895508
29 43.372490852388125 0.9903774321143423 0.07042472064495087 0.005524337291717529 0.03233027458190918
30 41.468939618070266 0.9913493678461364 0.026559114456176758 0.007281452417373657 0.03255152702331543
31 45.121790056124745 0.990708379004719 0.10006886720657349 0.004525570664554834 0.032427072525024414
32 40.95666152442345 0.9907473723727352 0.03032420203089714 0.007808537222445011 0.032488107681274414
33 41.767248774511444 0.9893638457071415 0.05205748230218887 0.0070221517235040665 0.03270292282104492
34 41.39514690460473 0.9909326735191349 0.025026144459843636 0.007225183304399252 0.032422780990600586
35 41.29389713273965 0.9916506198866673 0.025244632735848427 0.007076770067214966 0.0322113037109375
36 40.5980027224559 0.9903516210037471 0.028966328129172325 0.007478020153939724 0.03241539001464844
37 41.50114080380501 0.991925399061336 0.028236931189894676 0.007086766883730888 0.032755136489868164
38 40.313686920935375 0.9846345210064269 0.06751485168933868 0.007995783351361752 0.032431602478027344
39 42.21306637359802 0.9923851273942087 0.022919945418834686 0.00664900615811348 0.03293204307556152
[41.302100425021514, 0.9889886520625598, 0.047295278310775755, 0.007221520598977804, 0.03323277235031128]
testing ICVL_512_impulse..................
0 38.578644727135945 0.9849762629288812 0.03236618638038635 0.00980441551655531 0.03221297264099121
1 39.39109047251822 0.9876241209518951 0.039577167481184006 0.00958201289176941 0.03224611282348633
2 39.73696306345754 0.9766659883432212 0.10554949194192886 0.008238342590630054 0.03215336799621582
3 39.18168882082084 0.9802941963735595 0.06031510978937149 0.009589463472366333 0.04138302803039551
4 38.56004308396559 0.9668495995410809 0.11816088110208511 0.009372971951961517 0.032559871673583984
5 41.1129490744315 0.9910004134297773 0.0294557586312294 0.007553192786872387 0.032202720642089844
6 41.06589448959356 0.9910484684394851 0.02759965881705284 0.00743824802339077 0.032262325286865234
7 38.584545813211975 0.9865275250613409 0.04652455449104309 0.00944916158914566 0.03263664245605469
8 39.30393893450252 0.9846229890984092 0.050227224826812744 0.009767158888280392 0.03215789794921875
9 37.03329034812939 0.985231152772015 0.03820538520812988 0.0123293437063694 0.03233838081359863
10 38.31576097916306 0.9820884019344247 0.08019385486841202 0.01029396615922451 0.03220200538635254
11 38.30509194943633 0.9877291211438769 0.03855866193771362 0.009047945961356163 0.04400014877319336
12 38.60717449763837 0.9871631077780338 0.061179086565971375 0.01004685927182436 0.03280496597290039
13 40.53034831341539 0.9811347848243944 0.0915394276380539 0.00805993378162384 0.032262563705444336
14 38.24507517704029 0.9707180879090126 0.10835538059473038 0.009301073849201202 0.032318830490112305
15 40.744587832139345 0.968057772186693 0.1456545740365982 0.007917260751128197 0.03228282928466797
16 37.6902540868724 0.9684067926236273 0.10256941616535187 0.010878887958824635 0.032416343688964844
17 38.69549773293685 0.9819460334081807 0.06261158734560013 0.009656053967773914 0.03227114677429199
18 39.6969970499398 0.9894671857344298 0.027037043124437332 0.008198431693017483 0.03225421905517578
19 40.570188799033154 0.9816136002140486 0.1114223375916481 0.008047155104577541 0.0321347713470459
20 40.62131702506512 0.9856775017411616 0.06515073031187057 0.00795002095401287 0.03251385688781738
21 41.19679911886432 0.9923503659653811 0.02490784414112568 0.0070415157824754715 0.03262615203857422
22 39.39122790506401 0.9861550135404882 0.0704701617360115 0.009298644959926605 0.03225827217102051
23 35.885728297180734 0.9748007453190127 0.11680424958467484 0.013229511678218842 0.03223991394042969
24 41.46038709006847 0.9725443833768769 0.11251574754714966 0.006936872843652964 0.0321650505065918
25 39.255844887761945 0.9891911523016538 0.03226180002093315 0.008967927657067776 0.03220081329345703
26 40.70963441435587 0.9908348112564982 0.0254515428096056 0.007507752627134323 0.03252696990966797
27 39.07259969873028 0.9764824895273614 0.08424630761146545 0.009434778243303299 0.03282761573791504
28 40.06779349042312 0.9881440925833593 0.022896790876984596 0.007725678849965334 0.03327822685241699
29 41.215689706472645 0.981105383276043 0.08238273113965988 0.006833591032773256 0.036621809005737305
30 39.65548460309714 0.988613466886518 0.02341550588607788 0.008259886875748634 0.0324244499206543
31 41.665497507195106 0.9630993825325125 0.11400315910577774 0.007574543822556734 0.03223276138305664
32 39.629117447075856 0.9886123124595408 0.033271294087171555 0.008853045292198658 0.03247523307800293
33 40.776581471508784 0.9858846783485787 0.0544121116399765 0.007667853496968746 0.03250527381896973
34 41.126704094260006 0.9918817991719198 0.025020120665431023 0.007155618630349636 0.03262805938720703
35 39.941639695890565 0.9899871600478692 0.03192070126533508 0.008416962809860706 0.03223991394042969
36 38.82161180791475 0.9896478925808107 0.0400775671005249 0.009385544806718826 0.032285451889038086
37 40.03904663502361 0.990576704674185 0.0348840206861496 0.008106264285743237 0.0324859619140625
38 38.2901599775788 0.9739889872149888 0.13265860080718994 0.010749544948339462 0.03245282173156738
39 40.548094788592415 0.9892402394324975 0.021871672943234444 0.007396874483674765 0.03243875503540039
[39.583024622687645, 0.9830496041733412, 0.06314313621260226, 0.00882660784991458, 0.03301321268081665]
testing ICVL_512_deadline..................
0 41.30306853051618 0.991404505330784 0.030019918456673622 0.007476479280740023 0.032219886779785156
1 40.935274156115355 0.9911379228530586 0.029244206845760345 0.007377942558377981 0.03280782699584961
2 42.049379669437904 0.9873952902517625 0.06964479386806488 0.006180625408887863 0.03226971626281738
3 40.56987121937115 0.9874030361520066 0.04964333772659302 0.0078009068965911865 0.03227519989013672
4 41.35931370745537 0.9848000549573567 0.08242730796337128 0.006559872534126043 0.03411555290222168
5 40.8089317202301 0.9897873358952782 0.023889753967523575 0.007369114086031914 0.033776283264160156
6 41.293405944206185 0.9921113996857707 0.0260501429438591 0.007128256838768721 0.03240323066711426
7 38.987874578258044 0.986745615996655 0.041065946221351624 0.008614030666649342 0.033171892166137695
8 40.615339418743275 0.9874323604343599 0.04476005211472511 0.008424145169556141 0.03238415718078613
9 38.365041034493636 0.9899820882902233 0.033993594348430634 0.01069487165659666 0.0326080322265625
10 40.40527181982148 0.9879237870978462 0.04709729924798012 0.00797687005251646 0.03259682655334473
11 38.309646358455254 0.9868733288933533 0.037384260445833206 0.009485716000199318 0.032433509826660156
12 39.12961847422896 0.9879706696069689 0.04734184965491295 0.009079040959477425 0.032482147216796875
13 42.41170370564819 0.9902747625051257 0.06724641472101212 0.00622454984113574 0.033072710037231445
14 40.92392886370983 0.9874354451479377 0.08147846162319183 0.006610490381717682 0.032469987869262695
15 43.62337390790517 0.9883331292011199 0.11272767931222916 0.005287381820380688 0.032711029052734375
16 39.40732560780847 0.9822974861406811 0.07531678676605225 0.00874353013932705 0.03213167190551758
17 39.74126876071252 0.983604069390429 0.04849451035261154 0.00835379771888256 0.032340049743652344
18 40.79657414622863 0.9910831287413563 0.027501584962010384 0.007641956210136414 0.032384395599365234
19 41.68683098562229 0.9875529339388798 0.06783367693424225 0.006494797300547361 0.0322268009185791
20 42.1981242454825 0.9902122473893971 0.04311200603842735 0.006487383972853422 0.03389239311218262
21 41.28461401694777 0.9923543832873043 0.024187138304114342 0.006869420409202576 0.03364920616149902
22 41.44317954238212 0.9920126685853428 0.04666959121823311 0.006846923381090164 0.0333251953125
23 37.34804596377681 0.9832198848896718 0.05970751494169235 0.010216716676950455 0.0330204963684082
24 44.078729213226886 0.9906742846230854 0.08192703872919083 0.00458831200376153 0.034095048904418945
25 40.63953725657921 0.9892076141918561 0.022674577310681343 0.007402380928397179 0.03378915786743164
26 39.47733691932112 0.9854864024981578 0.022317245602607727 0.008457557298243046 0.033097028732299805
27 41.62686385213459 0.9876122250645577 0.05803520977497101 0.006867163348942995 0.03265070915222168
28 41.10388030268344 0.9914015269520849 0.028159145265817642 0.0074240765534341335 0.03867816925048828
29 43.192201653922645 0.9905750903867651 0.06982582807540894 0.005340253002941608 0.032410383224487305
30 39.96600354678248 0.9875679357241308 0.024747643619775772 0.008190199732780457 0.032469749450683594
31 43.15844230548341 0.9854567025399794 0.10247861593961716 0.00540801789611578 0.03269076347351074
32 42.23976233872761 0.9921549963025642 0.020705122500658035 0.006100648548454046 0.04012489318847656
33 41.4637902659756 0.9897905150709367 0.052845779806375504 0.007007787935435772 0.032262325286865234
34 40.9629838215583 0.9901330028405626 0.023516463115811348 0.007384101860225201 0.032212018966674805
35 40.343927323870766 0.9910656853627022 0.03380637988448143 0.008355333469808102 0.0323183536529541
36 40.655217896955676 0.9912367096573385 0.02945038676261902 0.007342685479670763 0.032257795333862305
37 41.66331376828558 0.9918761687201004 0.027084285393357277 0.006825394928455353 0.032389163970947266
38 41.054222452299214 0.9873368077608163 0.062321461737155914 0.0072410255670547485 0.03524160385131836
39 41.31466523876263 0.991519602307961 0.026287391781806946 0.007202934939414263 0.03232002258300781
[40.94844711335317, 0.9888110701166566, 0.0475755101069808, 0.007377067336346954, 0.03314438462257385]
testing ICVL_512_noniid..................
0 41.6067898352143 0.9914258090329688 0.025652524083852768 0.007114279083907604 0.03227591514587402
1 41.55539648949876 0.991132836604495 0.026774810627102852 0.007081364747136831 0.03312349319458008
2 42.622728923118856 0.9880491669629377 0.07023938745260239 0.006062261760234833 0.03222203254699707
3 41.22978080009161 0.9880628086043707 0.044839147478342056 0.0071690138429403305 0.032254695892333984
4 41.633730113068616 0.9850009806832353 0.08118528127670288 0.006509279366582632 0.03335309028625488
5 42.31091298752265 0.9928889695274883 0.024933377280831337 0.006549587938934565 0.03237581253051758
6 41.90022125699049 0.9921723947275614 0.02467510476708412 0.006975438911467791 0.03161883354187012
7 40.029369386204344 0.9885914887399092 0.03849705681204796 0.007908954285085201 0.031925201416015625
8 41.75520601321101 0.9895262006287296 0.036538030952215195 0.0070057213306427 0.030057191848754883
9 39.2230292158491 0.9895579699228138 0.030124910175800323 0.009834653697907925 0.030119657516479492
10 41.06802569986662 0.9893263033176486 0.044260043650865555 0.007327166385948658 0.030019521713256836
11 40.24628489790779 0.9907901434996716 0.02953251264989376 0.007228065747767687 0.03145551681518555
12 39.29602665231898 0.9891862437141568 0.04837465286254883 0.009148200042545795 0.03233504295349121
13 42.90658513624162 0.990351322904876 0.06491144001483917 0.005860085133463144 0.03533029556274414
14 41.368480701041236 0.9882285950954407 0.08241771161556244 0.006362710613757372 0.04504990577697754
15 43.90717305468004 0.9873841977113745 0.11497735977172852 0.0051770941354334354 0.03252720832824707
16 40.41067096793545 0.9848845945627411 0.06963866949081421 0.00782099924981594 0.03444266319274902
17 39.73751675349717 0.9829045758575685 0.04742733761668205 0.008592665195465088 0.035097599029541016
18 41.832777873415786 0.9915810323912582 0.02316625975072384 0.0067398822866380215 0.04326820373535156
19 42.88018713298984 0.9895526057087988 0.06436029821634293 0.006040723994374275 0.04809165000915527
20 42.209893530808046 0.9894496353071003 0.04477977752685547 0.006827810779213905 0.044690608978271484
21 41.68153153127731 0.992087458720005 0.025726499035954475 0.007025675382465124 0.03452587127685547
22 42.275823177554706 0.9924572817032236 0.04446962848305702 0.006380535662174225 0.04672122001647949
23 38.6413359891555 0.988508690375359 0.05413805693387985 0.008879073895514011 0.04352760314941406
24 45.06985583845592 0.9915386247333882 0.07493182271718979 0.004247547127306461 0.04647231101989746
25 42.15155601486684 0.9924605056210462 0.025453563779592514 0.006742655299603939 0.03865861892700195
26 42.89318607823458 0.9927768042515109 0.018326321616768837 0.0057453433983027935 0.04130148887634277
27 41.68217198152283 0.9874250717838636 0.05619490519165993 0.006807548925280571 0.04506492614746094
28 42.086189827560766 0.9922964364810646 0.02341511845588684 0.0065398309379816055 0.0428006649017334
29 44.0580332411427 0.9919041590390486 0.06530962884426117 0.004896721336990595 0.032251596450805664
30 42.50360812249677 0.993139035817406 0.02369709685444832 0.006395193748176098 0.032239437103271484
31 45.21368840177372 0.9902043570935818 0.09886925667524338 0.004418517462909222 0.0340275764465332
32 42.97178829222265 0.993285396891449 0.02093961089849472 0.005833261180669069 0.03466963768005371
33 42.36650724092213 0.9904226903676686 0.05021839216351509 0.006537990644574165 0.03471827507019043
34 42.24160991820448 0.9926502087750647 0.024080533534288406 0.006598134059458971 0.03517484664916992
35 41.51757648139066 0.9916793603496453 0.02483968809247017 0.006923638749867678 0.032518863677978516
36 41.2763916984105 0.99154914362728 0.025026943534612656 0.006647398695349693 0.03742718696594238
37 41.60957659572074 0.9919594972137878 0.03076566755771637 0.007211640942841768 0.0429387092590332
38 41.40059948561288 0.9877635648774806 0.06314951926469803 0.006958947982639074 0.045665740966796875
39 40.438505212801395 0.9886166476007934 0.026311224326491356 0.008040348067879677 0.04712557792663574
[41.79525806376998, 0.9900693202706954, 0.04532922930084169, 0.0068041490507312116, 0.03698660731315613]
testing ICVL_512_mixture..................
0 35.073403848008425 0.980000710573354 0.039002157747745514 0.014742519706487656 0.04295611381530762
1 35.642338395174896 0.9810027467296613 0.032175857573747635 0.013996534049510956 0.04314899444580078
2 38.77382914537125 0.9750204736773619 0.09139512479305267 0.009237472899258137 0.04306173324584961
3 36.22902420632877 0.9682489916090294 0.06983322650194168 0.01282806321978569 0.0435636043548584
4 37.845933487898996 0.962535477152091 0.09754810482263565 0.010262727737426758 0.04696083068847656
5 38.73594088550393 0.9842111886777809 0.02585585042834282 0.009234118275344372 0.04286932945251465
6 37.29246612329453 0.9840338472840057 0.03951258584856987 0.011683780699968338 0.0429074764251709
7 34.471197444603284 0.9708789580355158 0.07134222984313965 0.014975841157138348 0.04300737380981445
8 36.389920378789384 0.9706397594231918 0.058090824633836746 0.013616979122161865 0.04302334785461426
9 35.27734352395697 0.9791307428502058 0.04064137116074562 0.014827900566160679 0.038565635681152344
10 36.23085960191388 0.9707971926855297 0.0880054235458374 0.013193987309932709 0.03241539001464844
11 34.82472978936465 0.9788542091564778 0.043273698538541794 0.014323558658361435 0.03230571746826172
12 34.481560808736475 0.9703057459216183 0.07416673004627228 0.015383425168693066 0.03514528274536133
13 37.72681837374475 0.9723303833928123 0.09509231895208359 0.010474969632923603 0.0331118106842041
14 38.161587776710334 0.9777894153224558 0.1100812703371048 0.008566770702600479 0.035474300384521484
15 38.65338670611223 0.9574120041842368 0.1533617228269577 0.009413555264472961 0.03378462791442871
16 35.897692786604495 0.9615779054691845 0.0889011099934578 0.013088994659483433 0.034436702728271484
17 36.52309445925786 0.9718339470190217 0.07588008046150208 0.012400423176586628 0.04202699661254883
18 36.871676175134404 0.9826768092396972 0.03248749300837517 0.011277026496827602 0.03518319129943848
19 39.29644405980749 0.9762624531438787 0.09541230648756027 0.009188950061798096 0.032219886779785156
20 36.06624517494647 0.965759421593476 0.08268698304891586 0.013256724923849106 0.03241252899169922
21 35.76535974655619 0.9835996367399134 0.04038064181804657 0.013760657981038094 0.0329279899597168
22 36.071436223172036 0.9759106492744762 0.08623909950256348 0.013245564885437489 0.03404569625854492
23 34.546566175745035 0.9628238392596769 0.08830182999372482 0.014761582016944885 0.04161953926086426
24 38.5260877154107 0.9573570994891017 0.1810915768146515 0.009424780495464802 0.0322263240814209
25 36.700144640244496 0.9844974385412868 0.033298660069704056 0.011870764195919037 0.03224015235900879
26 37.73531708407861 0.9840715615175051 0.02737187221646309 0.010270480997860432 0.032331228256225586
27 34.55409954702001 0.9500421324650322 0.10289543867111206 0.015766972675919533 0.03227829933166504
28 35.072216996322126 0.977833840093819 0.04154758155345917 0.014706142246723175 0.034253835678100586
29 39.86201500168319 0.9765759670457312 0.09205393493175507 0.008085088804364204 0.04292440414428711
30 35.4242814502801 0.97916810666653 0.036872975528240204 0.013820284977555275 0.0331575870513916
31 40.41951374588656 0.9638627859676973 0.1274849772453308 0.007781380787491798 0.0374753475189209
32 37.16485812247179 0.984885948816508 0.027874719351530075 0.010958373546600342 0.03444337844848633
33 36.605011402242155 0.9724720502784667 0.08290740847587585 0.012388020753860474 0.0319819450378418
34 36.554583180554296 0.9838896191611902 0.03249713405966759 0.012170913629233837 0.03419184684753418
35 35.913860367791756 0.981651822283622 0.035033781081438065 0.013171011582016945 0.03229188919067383
36 37.610453599943604 0.9835929968950462 0.034576788544654846 0.010082983411848545 0.0322725772857666
37 37.44506971706639 0.9851313338863251 0.032229337841272354 0.010713223367929459 0.03246331214904785
38 36.54976701446935 0.9622274454895515 0.10549669712781906 0.012457302771508694 0.03241276741027832
39 37.224934447262775 0.9816429891973057 0.027250181883573532 0.011135462671518326 0.032224178314208984
[36.75527673323662, 0.9743134911552345, 0.06850377768278122, 0.012063632882200182, 0.03640857934951782]