testing ICVL_512_70..................
0 39.15320723022909 0.9725186017031747 0.09242451190948486 0.008391397073864937 1.0843636989593506
1 37.81185719366949 0.9721142096335391 0.08677638322114944 0.010017113760113716 0.03290224075317383
2 38.573372135981124 0.9764806419428866 0.047765664756298065 0.009125242941081524 0.03055286407470703
3 41.72057875860707 0.9706052639968016 0.13675172626972198 0.007017866708338261 0.024730920791625977
4 39.27392453521521 0.9828587324428208 0.020480338484048843 0.008848985657095909 0.03258013725280762
5 39.280015903646714 0.9845137527030496 0.024844931438565254 0.00877661444246769 0.02384638786315918
6 38.767422441376496 0.9755920784789973 0.062303148210048676 0.009166806004941463 0.02290630340576172
7 39.212184109138704 0.9641128034676416 0.11229323595762253 0.009109054692089558 0.02262115478515625
8 39.17703287573752 0.9823060448142037 0.020526710897684097 0.008944353088736534 0.021190643310546875
9 36.80172810260569 0.9548352460609056 0.10265811532735825 0.011456834152340889 0.03346705436706543
10 37.48509279004007 0.9677424891466531 0.06801646947860718 0.010486066341400146 0.03422093391418457
11 39.433744156818356 0.9696363777912851 0.11787256598472595 0.007829507812857628 0.02681756019592285
12 39.124638292121425 0.9828664621447523 0.022751424461603165 0.009041321463882923 0.027344226837158203
13 39.13036680560464 0.983417231182792 0.0461089052259922 0.008440244942903519 0.025058507919311523
14 39.06568550727279 0.9867175951668895 0.034456200897693634 0.008785589598119259 0.026198863983154297
15 39.28506469663822 0.9826746814268904 0.020406203344464302 0.008907599374651909 0.026935338973999023
16 39.80495091185702 0.9813411526213639 0.03476562350988388 0.008561043068766594 0.025467395782470703
17 37.880311011468244 0.9778761053053617 0.06553524732589722 0.00989775825291872 0.025452375411987305
18 39.29650310352891 0.9829916979789877 0.02119908295571804 0.008859813213348389 0.025506258010864258
19 39.25702850399698 0.9830957849225487 0.021642617881298065 0.008908539079129696 0.029802322387695312
20 39.221513574287 0.9827254683423259 0.02074355259537697 0.008924325928092003 0.03737688064575195
21 39.21687062525561 0.9830977102837757 0.022294748574495316 0.008919634856283665 0.03363990783691406
22 39.382293087552604 0.9845648078517933 0.02229897677898407 0.00865323469042778 0.03341269493103027
23 38.379792373979114 0.9795224244866377 0.04491981491446495 0.009629993699491024 0.027685165405273438
24 39.31269865624567 0.9834741502540162 0.02276122383773327 0.008841881528496742 0.03150010108947754
25 43.24753026912167 0.9730539789308579 0.2397734373807907 0.0053085326217114925 0.02201056480407715
26 42.15846552793505 0.9850353462361883 0.07365891337394714 0.006256223656237125 0.023435354232788086
27 37.88016671901679 0.9667361847705356 0.5531166195869446 0.007413568906486034 0.02397608757019043
28 39.268273054617815 0.9825295899678663 0.020240766927599907 0.0089035052806139 0.022763490676879883
29 36.40441954568325 0.9724647115339737 0.03417864814400673 0.012051313184201717 0.02977466583251953
30 39.38392676512964 0.9734984006716354 0.07969102263450623 0.00905042514204979 0.027958393096923828
31 38.91537381994072 0.9772515265367295 0.05501884967088699 0.008993254043161869 0.021278858184814453
32 39.31146775396545 0.9830105203365874 0.020568644627928734 0.008839464746415615 0.02115654945373535
33 37.2620634872541 0.9752469138911352 0.0458969883620739 0.010759016498923302 0.021435976028442383
34 37.228523388024854 0.9747659999054127 0.03782980516552925 0.010792138986289501 0.021065950393676758
35 37.96736759090694 0.9720307463569379 0.03185111656785011 0.01003003679215908 0.021262407302856445
36 39.27108567606118 0.9828241404307393 0.020322104915976524 0.008884596638381481 0.021399736404418945
37 37.23044466016803 0.9693744739438936 0.0363767072558403 0.011139708571135998 0.021046161651611328
38 36.13563475566065 0.9697605795466522 0.03252590075135231 0.012651827186346054 0.02124643325805664
39 40.480508079288484 0.9712027591773453 0.12262893468141556 0.006849272176623344 0.022427797317504883
[38.929828211891206, 0.9769116846596646, 0.06740689710713924, 0.00908659267006442, 0.052695459127426146]
testing ICVL_512_50..................
0 40.890084554996015 0.9811189663520644 0.08041436970233917 0.007034969516098499 0.021560192108154297
1 40.179629511905425 0.983583509477886 0.07008233666419983 0.007672635372728109 0.037250518798828125
2 40.49722671134467 0.9839759269330602 0.03814243897795677 0.00724475271999836 0.033429622650146484
3 43.68846018030893 0.9834636262623186 0.09089282155036926 0.0055673434399068356 0.033695220947265625
4 41.20857399381145 0.988098436776275 0.018973806872963905 0.007173591759055853 0.02533721923828125
5 41.14372847993722 0.9888298442129533 0.022507891058921814 0.007201583124697208 0.030517101287841797
6 40.644678406351815 0.9835409653601492 0.05125780403614044 0.007384810596704483 0.023604154586791992
7 41.0557933641589 0.9753788729101888 0.09246314316987991 0.00756085105240345 0.02100348472595215
8 41.28491628352771 0.9880739303259161 0.01845579408109188 0.007113091181963682 0.020926952362060547
9 38.527894717239015 0.9683611932798766 0.08363255113363266 0.009417358785867691 0.021133899688720703
10 39.279536175266394 0.9777619559618699 0.05747862160205841 0.008624625392258167 0.033273935317993164
11 41.680961923687796 0.984127109154945 0.09713702648878098 0.006059051025658846 0.034406185150146484
12 41.12802269587155 0.9881029858232824 0.02081526257097721 0.0072505599819123745 0.03402590751647949
13 41.21008082757452 0.9889118635455252 0.03841381520032883 0.006594793871045113 0.033298492431640625
14 40.83949937786316 0.990653157407003 0.029307885095477104 0.0071346997283399105 0.0332789421081543
15 41.231754748639645 0.9879754987409256 0.018481571227312088 0.007154368329793215 0.03322935104370117
16 41.44298813226108 0.9865068436978981 0.02859775722026825 0.007100595161318779 0.03517436981201172
17 39.656907945984315 0.9840217761947806 0.05636182427406311 0.0080482829362154 0.03323101997375488
18 41.1527637608634 0.9881526972792755 0.019990192726254463 0.007242437917739153 0.033299922943115234
19 41.154849681929846 0.9881005711149221 0.01994956284761429 0.007214804645627737 0.03319859504699707
20 41.1711050849885 0.9880487265769666 0.0188435148447752 0.0071985600516200066 0.03393197059631348
21 41.136124688598365 0.9882604983949519 0.02064928226172924 0.007247269153594971 0.026961565017700195
22 41.360170948576 0.9890881146417806 0.02059752121567726 0.006997615098953247 0.025777578353881836
23 40.42177320319614 0.9858482040258009 0.03687571361660957 0.007740240544080734 0.025447845458984375
24 41.12888673323033 0.9882374690399917 0.02106393314898014 0.007234496995806694 0.025441408157348633
25 45.95706049321204 0.9890373736041124 0.12207470089197159 0.0037899231538176537 0.03336834907531738
26 44.39473125782784 0.9916932215936362 0.05667151138186455 0.004835430532693863 0.03339648246765137
27 38.90372701232385 0.9774519494251038 0.2879663109779358 0.006461396347731352 0.0294191837310791
28 41.193539359848145 0.9881165071909376 0.018867509439587593 0.007160089444369078 0.025797605514526367
29 38.431004158050634 0.9816580505580986 0.02860097959637642 0.009497436694800854 0.02541494369506836
30 41.35254146679633 0.9828519830459675 0.06335959583520889 0.00723042618483305 0.03236246109008789
31 40.80641617559283 0.9838958407699436 0.045994099229574203 0.007370330393314362 0.021239757537841797
32 41.17574125213287 0.9880071326308446 0.01912720315158367 0.007202381733804941 0.02116680145263672
33 39.31051024795952 0.9833784292849496 0.0380413755774498 0.008470590226352215 0.021265268325805664
34 39.32849490747395 0.9824540506378412 0.02993326261639595 0.008486242033541203 0.021125316619873047
35 39.602465665482924 0.9794397668111728 0.026501528918743134 0.008297123946249485 0.02308177947998047
36 41.23076507679522 0.9880701372487237 0.01863468624651432 0.007149850018322468 0.021229267120361328
37 39.082555961834345 0.9776493231849942 0.03240751475095749 0.009142236784100533 0.021130084991455078
38 37.6557525548278 0.9775280760235926 0.028187088668346405 0.010571999475359917 0.021172523498535156
39 43.05333624939161 0.9847855269750949 0.08247222006320953 0.00496669253334403 0.021178245544433594
[40.86487634929154, 0.9846060028118906, 0.04925565072335303, 0.007321138447150588, 0.027869588136672972]
testing ICVL_512_30..................
0 42.92997968899499 0.9876042904199324 0.07036770135164261 0.0057004899717867374 0.02104806900024414
1 42.66170788285358 0.990393020717426 0.05930742993950844 0.005848212633281946 0.026883363723754883
2 42.92391944977338 0.9905241010355126 0.03113938495516777 0.005550987087190151 0.027492523193359375
3 46.01631236594239 0.9903115965192211 0.06945612281560898 0.004348499234765768 0.02118086814880371
4 43.18676314404015 0.9919336557211683 0.017236702144145966 0.005830483976751566 0.026300430297851562
5 43.24693981518139 0.9923403563501909 0.019842740148305893 0.005798270460218191 0.027518033981323242
6 42.756795983516305 0.9898610892452067 0.04098966345191002 0.005822585429996252 0.027556419372558594
7 43.30053172703936 0.9852231348082303 0.07818682491779327 0.00593640236184001 0.029856443405151367
8 43.34765292507214 0.9920886804240563 0.016346562653779984 0.0056925625540316105 0.029320716857910156
9 40.988211722757285 0.9815315918174506 0.06754065304994583 0.007192873861640692 0.02755451202392578
10 41.61377562915185 0.9865792886521427 0.04801708459854126 0.006668331567198038 0.027573108673095703
11 44.000827501672326 0.9902800392577535 0.08410509675741196 0.004828723147511482 0.028974056243896484
12 43.09889619880396 0.9920079744133621 0.01923946850001812 0.0059336223639547825 0.025287151336669922
13 43.339800482882005 0.9929092499729065 0.03225643187761307 0.005235458258539438 0.025311946868896484
14 43.290324804726794 0.9940167371179495 0.02309497259557247 0.005491915624588728 0.02710413932800293
15 43.27817234676968 0.9919882365843841 0.01656181551516056 0.005743312183767557 0.02581191062927246
16 43.547980742695614 0.9913228476016898 0.023414911702275276 0.005635043140500784 0.026773691177368164
17 41.58245274257533 0.9890906300825113 0.048529233783483505 0.006527906749397516 0.025228261947631836
18 43.09999648257752 0.9919168377549935 0.018107904121279716 0.005914662033319473 0.02699446678161621
19 43.15459148334347 0.9920662861851203 0.018537940457463264 0.005885445978492498 0.025249958038330078
20 43.156831835599995 0.9919138278839974 0.017419463023543358 0.0058531067334115505 0.025514841079711914
21 43.07848134727613 0.9920268596463299 0.018887290731072426 0.005926027894020081 0.025307178497314453
22 43.38384282118386 0.9926564487894146 0.01891583949327469 0.005671601742506027 0.02536177635192871
23 42.708945420799104 0.9911835784842687 0.030649971216917038 0.005999080371111631 0.02826690673828125
24 43.055774108096436 0.9919585957443442 0.019752783700823784 0.005955156404525042 0.02758479118347168
25 48.173961332297296 0.9938772883829629 0.08880755305290222 0.0029883719980716705 0.0254056453704834
26 46.83762064850808 0.995118115311876 0.04474562406539917 0.0037687437143176794 0.0265352725982666
27 40.34776071208149 0.9829525194757343 0.22438623011112213 0.005733688361942768 0.025594472885131836
28 43.24950933133267 0.9919801713233224 0.016844216734170914 0.005761938635259867 0.025287389755249023
29 40.906717463922924 0.98903915649934 0.023795781657099724 0.007227930705994368 0.02541184425354004
30 43.86250111594986 0.9902993247506179 0.05159822106361389 0.005474986042827368 0.025463581085205078
31 42.87625236582791 0.989537344697807 0.03871209919452667 0.0058437553234398365 0.025348424911499023
32 43.15376853779963 0.9919551012310092 0.017614610493183136 0.005874032154679298 0.027141809463500977
33 41.71093706144655 0.9901291844917225 0.030056873336434364 0.0064047095365822315 0.025378704071044922
34 41.67040384611292 0.9890402661479456 0.02406209148466587 0.006538901012390852 0.02532196044921875
35 41.82630358685177 0.9872132253511681 0.021421093493700027 0.006468136329203844 0.025470733642578125
36 43.19254782051842 0.9918797967011243 0.016957242041826248 0.005814234726130962 0.025377988815307617
37 40.95211461532492 0.9844785592694312 0.027525847777724266 0.007437752094119787 0.022218942642211914
38 39.77135891955694 0.9849354298664331 0.023327458649873734 0.00835628155618906 0.020927906036376953
39 45.39068408865839 0.991085034938984 0.0659002885222435 0.0039012962952256203 0.02223515510559082
[43.01679875248787, 0.9901812368417261, 0.04059148062951863, 0.005814638006268069, 0.025854384899139403]
testing ICVL_512_blind..................
0 40.98025840510144 0.9815577887109949 0.07946234196424484 0.0069802794605493546 0.021030664443969727
1 41.13668728654797 0.9865772326650815 0.06432199478149414 0.006897623650729656 0.021436691284179688
2 46.66796836343975 0.9960143054579188 0.025349147617816925 0.0038493452593684196 0.021198749542236328
3 41.827746599301115 0.9722268841127935 0.13424253463745117 0.006936535704880953 0.020973682403564453
4 41.34630617841045 0.9883825272235477 0.01878994330763817 0.007079718634486198 0.020915508270263672
5 43.57384601326639 0.992818759584369 0.019548794254660606 0.005613955669105053 0.022386789321899414
6 41.83079509764968 0.9874173066302587 0.04594006761908531 0.006451049819588661 0.0210568904876709
7 42.3577362243713 0.9816990279202399 0.0834440067410469 0.0065620834939181805 0.021094322204589844
8 44.097978101126664 0.9931460231469355 0.015557658858597279 0.00525877857580781 0.020971059799194336
9 39.92775546464693 0.9764865891541675 0.0741514265537262 0.008078970946371555 0.021135568618774414
10 38.65843331146392 0.9744922866939805 0.05980657786130905 0.009196249768137932 0.02113175392150879
11 40.37882702289476 0.9779802189410639 0.10714074224233627 0.006912953220307827 0.02106761932373047
12 43.58299708296803 0.9905612032240564 0.01681806705892086 0.005652611143887043 0.021365880966186523
13 42.08166767071576 0.9907798908660704 0.03610118851065636 0.00597950117662549 0.021335124969482422
14 41.46963598022874 0.9915056415905746 0.027091950178146362 0.0066891866736114025 0.02109694480895996
15 46.05517019665712 0.9950511509430122 0.01349194161593914 0.004277720116078854 0.021145105361938477
16 40.85918077194106 0.9847737108188591 0.030568623915314674 0.00757270772010088 0.021126270294189453
17 40.64903685691551 0.9868407595389924 0.05249159038066864 0.007224705070257187 0.021132469177246094
18 39.528779414120365 0.9837142181853964 0.020927906036376953 0.008627597242593765 0.021947145462036133
19 39.335003702836396 0.9833865143985654 0.021453797817230225 0.008808597922325134 0.021165132522583008
20 43.193259515811334 0.9920443648976754 0.017438625916838646 0.005823041778057814 0.021007299423217773
21 42.758768902736016 0.9914170521484551 0.019208999350667 0.00614171614870429 0.02159714698791504
22 43.03192481961945 0.9921066404480421 0.019225293770432472 0.005886318627744913 0.021133899688720703
23 39.06622439709599 0.9816960125723582 0.04162852466106415 0.00896693766117096 0.021239280700683594
24 42.60593464803581 0.9912613839100197 0.020282123237848282 0.0062479544430971146 0.021013975143432617
25 43.6404039028806 0.9764183034802005 0.21999560296535492 0.0050109620206058025 0.021162986755371094
26 43.522867823630946 0.9898073921345811 0.06305120885372162 0.00534092029556632 0.02105545997619629
27 38.071647684812646 0.9687623820515056 0.5047652125358582 0.0072199939750134945 0.023374319076538086
28 41.0265836134594 0.98764247087817 0.01888883113861084 0.007282538339495659 0.02090740203857422
29 39.933990268268595 0.9866116036122341 0.025702673941850662 0.00804021954536438 0.021496057510375977
30 40.37437202178895 0.9786242092490742 0.06977543234825134 0.008101795800030231 0.02108478546142578
31 43.082916549692605 0.9901336680085805 0.037814754992723465 0.005693011451512575 0.021039962768554688
32 41.99280018931122 0.9898354228611052 0.01863095909357071 0.006626052316278219 0.022468090057373047
33 43.71433804119383 0.9934172799909892 0.02478289231657982 0.005183360539376736 0.02114701271057129
34 39.37368173828529 0.9826170862071034 0.02942822128534317 0.008424464613199234 0.021007776260375977
35 39.09569441079758 0.9771529152287325 0.027621855959296227 0.008779481053352356 0.02108454704284668
36 43.79122018724043 0.9929188539395633 0.01655261591076851 0.005459637381136417 0.022716999053955078
37 40.90557795526442 0.9844624658782194 0.02764475904405117 0.007467132061719894 0.02537250518798828
38 42.19432584554399 0.9902380017455563 0.018907740712165833 0.00646004406735301 0.02532362937927246
39 44.205819768917706 0.9882508836588036 0.07314588874578476 0.004413382615894079 0.02567148208618164
[41.79820405072475, 0.9860207608176962, 0.05602981296833605, 0.006680478400085121, 0.02164044976234436]
testing ICVL_512_stripe..................
0 43.23790340684698 0.9932552373241544 0.02081058733165264 0.00592537596821785 0.028382062911987305
1 43.70867412856419 0.9937137041953609 0.020110880956053734 0.005592769011855125 0.02538752555847168
2 43.86639654610228 0.989824276863232 0.058685433119535446 0.005380506161600351 0.03328251838684082
3 42.534518416156644 0.9905358812906776 0.03581220284104347 0.006127202417701483 0.033324241638183594
4 45.0087448949689 0.9932638420372312 0.055809181183576584 0.004447968676686287 0.025458812713623047
5 43.4263677107336 0.9934861662272827 0.021743977442383766 0.005930447485297918 0.025377273559570312
6 43.1090420817723 0.9922900627946597 0.018868762999773026 0.0059351846575737 0.025233745574951172
7 42.56386675872857 0.9915764735198042 0.026526611298322678 0.006013109814375639 0.026155710220336914
8 42.90680003939269 0.9910604115008418 0.029365845024585724 0.006133068818598986 0.026810884475708008
9 40.56168704276493 0.9899616020299 0.022469842806458473 0.007968725636601448 0.025439977645874023
10 44.62808848058378 0.9947231168252026 0.029282450675964355 0.004827782977372408 0.02521204948425293
11 43.3280999194732 0.994220240096319 0.021580621600151062 0.005602374207228422 0.025315523147583008
12 42.43778273287923 0.9921519657923936 0.031732216477394104 0.006136004347354174 0.02536153793334961
13 44.95043133877882 0.9934421188118607 0.044304508715867996 0.00458923215046525 0.025430917739868164
14 43.463768554825926 0.9910533591026878 0.07195916771888733 0.005328000523149967 0.026635408401489258
15 46.56414872690104 0.9942915791281279 0.07303853332996368 0.0038371183909475803 0.02848076820373535
16 42.58448814778835 0.9893384032857714 0.05423028767108917 0.006085882894694805 0.027115583419799805
17 43.20254595455995 0.9915115743437518 0.03410949558019638 0.005810834933072329 0.025442838668823242
18 43.820004780210276 0.9934838545868586 0.017707541584968567 0.005501872859895229 0.025302410125732422
19 43.91451407268442 0.9916360515947308 0.05519002676010132 0.0053029898554086685 0.026787996292114258
20 44.061453575924794 0.9932590498925618 0.03277656435966492 0.005144654307514429 0.02543187141418457
21 44.87922585261477 0.994606668496376 0.018272435292601585 0.005045662168413401 0.025216341018676758
22 43.202094407215235 0.9933603355056925 0.03253118693828583 0.005334243644028902 0.02517533302307129
23 41.56127883270218 0.9911414054158765 0.042477887123823166 0.006599489599466324 0.026947021484375
24 46.295316067167974 0.9939072039223291 0.062112655490636826 0.0038044224493205547 0.026955366134643555
25 44.522853836453635 0.9943885501564977 0.01957942731678486 0.005203868728131056 0.026754379272460938
26 44.623711284582726 0.9942992193603367 0.01595447026193142 0.004958891775459051 0.02581644058227539
27 43.44982105566114 0.9917874993134409 0.04569369927048683 0.005601997021585703 0.026766538619995117
28 44.66571915624796 0.9944150692964123 0.018486611545085907 0.005142956040799618 0.025417327880859375
29 46.00005075513466 0.9943324502851405 0.04870428517460823 0.003989268559962511 0.025858640670776367
30 43.608814528835964 0.9933972703446124 0.019747987389564514 0.005758771672844887 0.025318622589111328
31 47.90928606324984 0.994956538621884 0.07308249175548553 0.003354976186528802 0.02543020248413086
32 43.86937186703755 0.9939650968714069 0.020948007702827454 0.005649059545248747 0.026096582412719727
33 44.48454994147675 0.9933637384860736 0.03382175415754318 0.0050836242735385895 0.035036563873291016
34 43.399846672367495 0.9934315526041451 0.019626468420028687 0.005770929157733917 0.03341269493103027
35 43.93728151693755 0.9939578409784887 0.01949325203895569 0.005464636255055666 0.03518056869506836
36 43.87257024787397 0.993884629069137 0.01979645900428295 0.005459828767925501 0.03336787223815918
37 43.885474943527534 0.9941396397680036 0.021461905911564827 0.005496425554156303 0.026673078536987305
38 43.32635837234718 0.9919417304132984 0.04529218748211861 0.00566176138818264 0.025467872619628906
39 43.90848186402055 0.9940669848021774 0.018744567409157753 0.005666518118232489 0.0252072811126709
[43.88203586440237, 0.9929355598738683, 0.03429856197908521, 0.005416710925055667, 0.027186709642410278]
testing ICVL_512_impulse..................
0 41.371697067522966 0.9890459787079627 0.022954409942030907 0.007145245559513569 0.025246858596801758
1 41.68738261689904 0.9911208032525739 0.03080730140209198 0.00767785869538784 0.02573418617248535
2 42.7200138237413 0.9883480414967913 0.06564756482839584 0.005706723313778639 0.025289058685302734
3 41.58815891658076 0.9876767819315159 0.03903894126415253 0.007042644079774618 0.02719402313232422
4 41.665314030733256 0.9848748077772052 0.08142710477113724 0.006516201421618462 0.026484251022338867
5 43.35520234302491 0.9938070087801405 0.02194424718618393 0.005982234608381987 0.025681257247924805
6 43.12671819557117 0.9936153662031725 0.020297028124332428 0.006172806955873966 0.025238752365112305
7 41.62667484484415 0.9906219341106983 0.03022284060716629 0.006790690589696169 0.027509212493896484
8 42.59611074607761 0.9906100470814012 0.03154281899333 0.006405369844287634 0.027544736862182617
9 41.20159125412748 0.9912892156281707 0.022040925920009613 0.007479802239686251 0.027560710906982422
10 42.30285923336957 0.9899893807344641 0.04219933971762657 0.006246177013963461 0.027548551559448242
11 42.034198608506266 0.9927352643224379 0.026872243732213974 0.006660394836217165 0.027628660202026367
12 42.36340499567561 0.9914561671086547 0.03369472548365593 0.006206694059073925 0.0275270938873291
13 43.63138194639064 0.9903255312957645 0.05476301163434982 0.005552423186600208 0.02757549285888672
14 40.92361353584525 0.9823540442803903 0.08965208381414413 0.006830382626503706 0.03513789176940918
15 44.77441335676386 0.9897740844467894 0.10234273225069046 0.0048531824722886086 0.027404069900512695
16 41.71333046058173 0.9870552839289018 0.06768107414245605 0.006848655175417662 0.029642343521118164
17 42.114917320340275 0.9897180584100047 0.039646659046411514 0.0063805123791098595 0.02754688262939453
18 42.92124255371073 0.9926101071646364 0.017680445685982704 0.005899786949157715 0.02741098403930664
19 42.67834007623364 0.9887831612044967 0.08040892332792282 0.006455887574702501 0.02734661102294922
20 44.31460261326308 0.9934671642837629 0.03542406111955643 0.005183245986700058 0.027455568313598633
21 44.367927992396254 0.9942609918529721 0.018020862713456154 0.005216968711465597 0.027555465698242188
22 42.73622839045706 0.988522555124436 0.04741469770669937 0.006021710578352213 0.027426719665527344
23 40.008779109155995 0.986220103107939 0.07338928431272507 0.00821224506944418 0.027408838272094727
24 42.07423635944138 0.9730969728571818 0.12791581451892853 0.006715008523315191 0.027451515197753906
25 42.48509970456637 0.9926281946393253 0.024155572056770325 0.006624529138207436 0.027513980865478516
26 43.42262980090088 0.9933740658639644 0.018785670399665833 0.005710562225431204 0.02787613868713379
27 41.67408957216092 0.9861498173287923 0.05818064138293266 0.006776623893529177 0.02771615982055664
28 42.09632831522293 0.9916553846545065 0.022000638768076897 0.006736731622368097 0.028985023498535156
29 43.90435396551441 0.9891299277537515 0.07345928251743317 0.005132521968334913 0.02740955352783203
30 42.39106455555974 0.9922564229812357 0.021347971633076668 0.006460673175752163 0.027443885803222656
31 45.54208124336355 0.9849689956652331 0.11694730073213577 0.004826596472412348 0.027837514877319336
32 42.561660610627506 0.9921502009568611 0.021781381219625473 0.006235621403902769 0.027447223663330078
33 43.42009276891867 0.9921432632334689 0.03842184692621231 0.0056022400967776775 0.027402400970458984
34 43.875988288127175 0.9943353438338859 0.019107285887002945 0.005564054474234581 0.027446269989013672
35 42.685401989200244 0.9928332871168587 0.02215759828686714 0.006343633867800236 0.027463197708129883
36 43.47264647931295 0.9935693643153842 0.023105017840862274 0.005852080415934324 0.027413368225097656
37 43.51249726182779 0.9936882376722773 0.023158712312579155 0.0058180843479931355 0.027474164962768555
38 42.52012459137291 0.9868561593161284 0.07014986127614975 0.006651183124631643 0.027466297149658203
39 42.80542551067267 0.9922989010901031 0.019490638747811317 0.006127249915152788 0.02744913101196289
[42.656695626215075, 0.9899854105378563, 0.0448819640558213, 0.006266630964819342, 0.02749735116958618]
testing ICVL_512_deadline..................
0 44.61316426825875 0.9945328213584839 0.020052827894687653 0.005264341831207275 0.027499675750732422
1 44.190072865984725 0.9939627290923627 0.019613204523921013 0.005330079700797796 0.029345989227294922
2 44.43027581782503 0.9917114563685372 0.05508143827319145 0.004872958175837994 0.02743363380432129
3 43.318151407812344 0.9928499093153866 0.032761335372924805 0.005647314712405205 0.027378559112548828
4 43.84529696744858 0.9910276389927295 0.06012887507677078 0.0050989072769880295 0.027451515197753906
5 44.195244325829435 0.9936804793444602 0.017103735357522964 0.005229007452726364 0.02749943733215332
6 44.62104145061702 0.9946329686855151 0.017446139827370644 0.005050640553236008 0.02750110626220703
7 42.84707622439692 0.9924815724929477 0.025418661534786224 0.005800140090286732 0.027642250061035156
8 43.267545162072125 0.9926034789283225 0.027338188141584396 0.005921707954257727 0.027536869049072266
9 42.38727464486086 0.9931868028028628 0.01937233656644821 0.006468707229942083 0.021104097366333008
10 43.752644835998176 0.993108877981583 0.02967139147222042 0.005419507622718811 0.020853757858276367
11 42.37051116804148 0.9929936520127699 0.02220759354531765 0.005995661020278931 0.021414518356323242
12 43.08472717372869 0.9930954421263568 0.030451243743300438 0.005749453324824572 0.021068334579467773
13 45.89328518628966 0.9947025263588086 0.041071776300668716 0.004130852408707142 0.020896434783935547
14 43.52802898451577 0.9912794817852747 0.06708395481109619 0.005246979650110006 0.0254976749420166
15 47.70064664333183 0.9956371679037845 0.06453894823789597 0.00340166874229908 0.02522420883178711
16 42.48021692865394 0.9891313051286623 0.055063411593437195 0.006183059420436621 0.020989418029785156
17 42.24732402746547 0.9894102062216513 0.03615385666489601 0.006155993323773146 0.02088022232055664
18 44.354678080431796 0.9940696534023721 0.017332658171653748 0.005200911313295364 0.021075963973999023
19 44.013200322588766 0.9921256837277194 0.05386756733059883 0.005196364596486092 0.02096080780029297
20 44.61386186822039 0.9938062789353882 0.02966078743338585 0.004981087986379862 0.020900964736938477
21 44.194586076502475 0.9944522285104128 0.018874801695346832 0.005345035344362259 0.02099132537841797
22 44.7889454195179 0.9956304597073207 0.02895706705749035 0.004553050268441439 0.020908355712890625
23 40.61821683094405 0.9887819908668427 0.047001972794532776 0.0073417178355157375 0.021138429641723633
24 47.43692259492795 0.9958535788606453 0.0542389415204525 0.003207146655768156 0.021024703979492188
25 43.097036811937954 0.9928569315548046 0.0218608807772398 0.006110741291195154 0.021039485931396484
26 41.57692832235361 0.9881688951051779 0.01893421821296215 0.006782472133636475 0.022357702255249023
27 43.774104091745656 0.9922188839551881 0.043632976710796356 0.005447126924991608 0.020922183990478516
28 44.277050744400235 0.9942089754656614 0.0182042233645916 0.005267669912427664 0.022866487503051758
29 45.50025832698247 0.9937638359516978 0.05106588825583458 0.004163064993917942 0.02111077308654785
30 43.24925826433202 0.9924923804440252 0.018555518239736557 0.0058508445508778095 0.02100086212158203
31 45.94299161867734 0.991852031101306 0.08239764720201492 0.004024376627057791 0.021191835403442383
32 44.67549126612556 0.9946285037280974 0.018556294962763786 0.00513635016977787 0.02141571044921875
33 44.47920890758929 0.9941502786950563 0.03274931013584137 0.004842369817197323 0.0211179256439209
34 43.34788528272702 0.9934303386188181 0.019390184432268143 0.005822405684739351 0.020931482315063477
35 44.160814086737716 0.99400168605058 0.01999569870531559 0.0054282392375171185 0.021085739135742188
36 44.03385476089081 0.9943472665464353 0.021417144685983658 0.0055838776752352715 0.020972490310668945
37 44.5029068379804 0.9941425117959667 0.020238539204001427 0.0052530718967318535 0.02110576629638672
38 44.69293436492912 0.9933997995458148 0.03851915895938873 0.0048287115059792995 0.020880699157714844
39 44.17486525383144 0.9941993908483954 0.01868549734354019 0.005384089425206184 0.020935535430908203
[44.00696320543761, 0.9930652525079555, 0.03336739740334451, 0.005317942658439279, 0.022828823328018187]
testing ICVL_512_noniid..................
0 43.82813173311367 0.9935114767781511 0.01884949952363968 0.00560153229162097 0.02096080780029297
1 43.52662070598974 0.9930327140430855 0.020106516778469086 0.005693664308637381 0.020958423614501953
2 44.43062335440524 0.9914336713587676 0.05585305020213127 0.00500982441008091 0.02106618881225586
3 43.133964911781966 0.9918555379584392 0.033424012362957 0.005754256155341864 0.02088308334350586
4 43.886237772998875 0.9911137096945386 0.059554457664489746 0.005140011198818684 0.020984411239624023
5 44.31934820434641 0.9943659378386781 0.02000901661813259 0.005362125113606453 0.021051645278930664
6 44.211224568582665 0.993968045026746 0.018673568964004517 0.005453296937048435 0.021092891693115234
7 42.7931074310373 0.9922424075873947 0.026137186214327812 0.005931928288191557 0.02100682258605957
8 43.33486304531841 0.992386424249797 0.02700747363269329 0.005822275299578905 0.02085256576538086
9 41.93407952045775 0.9920662501457949 0.020897306501865387 0.007130600977689028 0.022234678268432617
10 43.6012013448703 0.9927853460202799 0.030606810003519058 0.0054465667344629765 0.02105236053466797
11 43.25147970737283 0.9939965270149975 0.02135227806866169 0.0055121760815382 0.021102190017700195
12 42.68936488142295 0.9928662415334486 0.034365180879831314 0.005992663558572531 0.020999431610107422
13 45.262096302553125 0.9941685442541975 0.04216950014233589 0.004406667314469814 0.020994186401367188
14 44.1102511842147 0.9923306228268535 0.0664827898144722 0.004969832953065634 0.021124601364135742
15 46.982543752039575 0.9948708246560574 0.07018633186817169 0.0037244984414428473 0.020926952362060547
16 42.714393418739945 0.9897530490767917 0.054324544966220856 0.005889480002224445 0.021091461181640625
17 41.732730439432046 0.9870192837664336 0.03722677752375603 0.006946572568267584 0.021117210388183594
18 43.65218132016897 0.9935240847866952 0.018754111602902412 0.005633167456835508 0.021274089813232422
19 44.20032657918326 0.992289761103702 0.055157020688056946 0.005170806311070919 0.020511627197265625
20 44.36328235966363 0.9928864086756726 0.0313994362950325 0.005317550152540207 0.029352426528930664
21 43.66221547237872 0.9938782717373315 0.02112555503845215 0.005818571895360947 0.025327205657958984
22 45.056066452445585 0.9955166888635654 0.027249621227383614 0.004470100160688162 0.025279998779296875
23 42.38546378649215 0.9921820227045121 0.04134192690253258 0.006064329296350479 0.025270462036132812
24 47.58794667212793 0.9956203835860511 0.052169669419527054 0.003256287192925811 0.026978254318237305
25 44.31123518929121 0.994062505723577 0.020153824239969254 0.005366376135498285 0.027241230010986328
26 44.07230729508781 0.9940918182722944 0.018858661875128746 0.005476977676153183 0.02537393569946289
27 43.56406790190835 0.9920012380058316 0.044756028801202774 0.00557204382494092 0.026675701141357422
28 44.06672913205997 0.9940314135892093 0.01899687573313713 0.005393394734710455 0.025307416915893555
29 45.8781954658141 0.9942580132539743 0.04970395192503929 0.004048425704240799 0.025408506393432617
30 44.884372027630235 0.9946352157172783 0.017664646729826927 0.005012378562241793 0.025695085525512695
31 47.908200113214235 0.9951150163221413 0.07000039517879486 0.0032786012161523104 0.02537083625793457
32 44.57986532218385 0.9946918163813806 0.01891440711915493 0.005124734248965979 0.02526116371154785
33 44.75377448669927 0.9938466282895704 0.030678100883960724 0.0047668516635894775 0.026435136795043945
34 44.582562277458585 0.994362033710864 0.016940103843808174 0.005086258519440889 0.02649402618408203
35 43.68443885509536 0.9938251115730348 0.019991638138890266 0.005666719283908606 0.025445938110351562
36 43.72573046399831 0.9941169958948503 0.02024209499359131 0.005491043906658888 0.02577996253967285
37 43.88916727404981 0.9942838256732595 0.02341725490987301 0.005778089631348848 0.025243282318115234
38 44.517673573439964 0.9936197334002701 0.040790118277072906 0.004967905580997467 0.0269777774810791
39 42.15434058452321 0.9907580901544096 0.01915370300412178 0.00649403827264905 0.02539539337158203
[44.08056012208981, 0.9931840922812482, 0.033367136213928464, 0.00532606560154818, 0.023539984226226808]
testing ICVL_512_mixture..................
0 40.031552813557276 0.9842285180833865 0.027922147884964943 0.008291434496641159 0.025348424911499023
1 41.67553605240003 0.9912345771747705 0.024275898933410645 0.0071907551027834415 0.025441884994506836
2 42.73469113863795 0.9874945577127404 0.06905066967010498 0.005937275476753712 0.025622129440307617
3 39.232921765476696 0.9794528094923547 0.05264609307050705 0.008685169741511345 0.021918058395385742
4 40.762746334095496 0.9784271323309524 0.08576825261116028 0.007286993321031332 0.021153926849365234
5 40.884471801039176 0.987078501599577 0.022791480645537376 0.007125216070562601 0.02114725112915039
6 39.468204232958485 0.9853955336294227 0.04155043140053749 0.010269728489220142 0.02099323272705078
7 39.46542601423418 0.9851148745460935 0.03796079009771347 0.008486475795507431 0.021050453186035156
8 41.33968815027968 0.9862757963101545 0.03587503358721733 0.007158826105296612 0.021116256713867188
9 38.97132452761452 0.9862806096339518 0.027027657255530357 0.009052068926393986 0.02102971076965332
10 42.337406911196645 0.9903631086093363 0.036070816218853 0.0060418578796088696 0.021016359329223633
11 40.53812014198663 0.9879730816703048 0.02613823302090168 0.00744286784902215 0.02101612091064453
12 39.65721633948879 0.985967230262542 0.03970449045300484 0.008103853091597557 0.020968914031982422
13 42.8243044658033 0.9890936329516258 0.0579754114151001 0.005696123465895653 0.0211026668548584
14 42.66596749645927 0.9903305879792252 0.07813407480716705 0.00558550376445055 0.022359371185302734
15 44.08931065964724 0.9876669801992258 0.10663790255784988 0.004967906512320042 0.020920276641845703
16 38.32682648488865 0.9727482002612514 0.10614175349473953 0.009940218180418015 0.020846128463745117
17 40.391862410184274 0.9859456961412649 0.046042587608098984 0.007910295389592648 0.021465301513671875
18 41.480365671047856 0.9909959208292832 0.02161184512078762 0.006928855087608099 0.020981788635253906
19 42.58615857685772 0.9889126389567099 0.06424697488546371 0.006203991360962391 0.020911693572998047
20 38.50034048662231 0.9790143336198519 0.05034320056438446 0.009015089832246304 0.02985548973083496
21 41.499875649465245 0.9905851144971201 0.029213882982730865 0.007643520832061768 0.0253598690032959
22 41.382534946080305 0.9895593371594741 0.03837594389915466 0.006436867639422417 0.025260210037231445
23 40.15409597858793 0.9864169670248089 0.05017471686005592 0.007817083038389683 0.025321006774902344
24 43.27419025373808 0.9730755238514782 0.16886554658412933 0.005763469263911247 0.025298357009887695
25 42.637066113464115 0.9924801211748399 0.022913701832294464 0.00634157145395875 0.025440454483032227
26 42.738486247620635 0.991862277405521 0.01851995289325714 0.006002451293170452 0.026171207427978516
27 38.071367687424434 0.9724153873206755 0.07612405717372894 0.010045805014669895 0.025339841842651367
28 39.41670016978611 0.9829083586206506 0.02267824485898018 0.008474416099488735 0.026393413543701172
29 44.22701564367374 0.9912462411527274 0.06627456098794937 0.004910969641059637 0.025400400161743164
30 41.23182067932332 0.9893302014479712 0.023381909355521202 0.00707264943048358 0.02539968490600586
31 45.38225161834569 0.9901666596360771 0.09157466143369675 0.004332742188125849 0.025242090225219727
32 40.96411582156198 0.9874735658262198 0.02302270010113716 0.0071498677134513855 0.025287151336669922
33 40.71655232513601 0.9851030570578031 0.048988062888383865 0.00746205123141408 0.02545762062072754
34 43.428081139296026 0.9925216219094405 0.017524810507893562 0.005579927936196327 0.027912378311157227
35 40.17023601640317 0.9853119183006133 0.024292834103107452 0.007713773287832737 0.025385618209838867
36 42.486832765256615 0.9929439643381709 0.024694090709090233 0.00658397888764739 0.0273897647857666
37 41.8025054167778 0.9904738674826008 0.02501722425222397 0.0067976415157318115 0.025409460067749023
38 41.680934661101325 0.9881185865775373 0.05427217856049538 0.0067533282563090324 0.025295257568359375
39 41.46006909906349 0.9900261846068321 0.021470002830028534 0.006928971502929926 0.025730609893798828
[41.26722936766455, 0.9865503319346145, 0.047632370702922346, 0.007178289804141968, 0.023868995904922485]